(Instance 201) 3 16; 0 8 1
(Instance 202) 492 499 497 495 493; 486 491 496 489 494; 485 490 498 487 488; 478 481 484 483 480; 473 479 482 476 477; 467 469 472 475 474; 464 468 470 465 466; 459 471 462 460 463; 453 456 457 458 455; 447 451 450 461 454; 443 449 444 446 452; 438 440 445 441 448; 429 434 442 439 437; 427 436 433 432 435; 423 431 428 430 425; 415 422 424 426 420; 411 417 421 419 418; 402 409 416 414 413; 405 406 412 410 408; 400 404 403 407 401; 392 396 398 399 397; 390 394 395 393 391; 385 386 388 389 387; 379 382 384 383 381; 370 371 377 380 375; 367 369 378 376 374; 364 372 373 368 366; 347 359 365 361 362; 353 360 358 356 363; 345 348 357 354 355; 343 350 351 352 346; 336 349 344 340 338; 335 342 339 341 337; 329 331 332 334 333; 323 324 330 327 328; 308 317 326 325 321; 311 319 322 318 320; 312 316 315 313 314; 297 306 307 310 309; 285 305 304 303 294; 292 296 299 302 301; 283 288 300 293 295; 286 291 298 290 289; 278 280 287 284 282; 274 275 281 279 276; 261 270 277 272 273; 262 271 268 267 266; 260 265 269 264 263; 251 256 259 257 258; 250 252 253 255 254; 237 245 249 247 248; 238 243 242 244 240; 231 239 236 241 246; 224 230 235 234 232; 223 226 233 229 228; 220 225 221 227 222; 215 218 217 216 219; 210 214 213 211 212; 203 205 208 207 209; 193 199 204 202 201; 192 206 196 197 200; 190 191 198 195 194; 182 188 187 185 186; 178 181 189 183 180; 170 179 184 177 174; 171 176 175 172 173; 164 168 169 167 166; 159 165 160 161 162; 150 156 163 157 155; 151 153 158 154 152; 137 148 149 146 147; 140 143 145 144 142; 132 136 141 133 134; 126 138 139 129 131; 123 135 130 127 124; 116 122 121 128 125; 108 115 119 120 118; 106 117 114 110 113; 103 107 112 104 109; 95 101 105 111 100; 96 102 99 98 97; 88 94 93 92 89; 84 91 90 87 86; 77 85 83 82 78; 72 73 79 76 81; 70 75 80 74 71; 58 69 67 68 66; 60 65 64 63 61; 55 57 59 62 56; 48 54 52 53 49; 35 47 46 50 43; 38 45 51 42 41; 33 39 44 40 37; 26 27 36 34 29; 20 23 25 24 32; 17 21 28 22 31; 12 30 18 14 19; 3 16 13 9 15; 5 11 7 10 8; 4 6; 1 2
(Instance 203) 1 6; 4 5
(Instance 204) 3 4 5; 1 2
(Instance 205) 475 498 492 481 499; 363 486 495 479 497; 5 458 490 476 480; 364 469 477 494 423; 67 470 460 412 463; 346 457 487 415 420; 102 430 496 461 472; 136 478 493 466 451; 424 440 434 449 426; 374 442 468 465 455; 272 386 416 408 293; 220 484 473 453 489; 271 421 488 483 433; 343 376 385 401 491; 338 404 367 368 482; 227 446 399 392 439; 406 454 450 428 462; 9 371 418 431 327; 167 417 474 445 359; 398 419 425 444 402; 279 340 447 464 332; 48 396 456 387 432; 351 437 382 395 422; 78 452 319 393 309; 93 375 441 301 329; 317 323 337 369 471; 266 400 390 436 282; 322 348 381 384 414; 241 342 435 405 394; 305 413 383 366 407; 75 355 358 304 153; 63 288 403 409 295; 260 300 448 391 325; 200 311 302 372 312; 1 234 365 397 233; 122 427 335 377 370; 16 299 314 380 485; 251 349 320 321 318; 166 287 362 334 280; 230 231 289 467 326; 150 360 438 297 389; 255 345 350 341 354; 154 229 336 379 459; 131 352 330 192 221; 254 268 316 339 277; 205 378 285 213 313; 69 357 292 284 240; 134 278 328 298 333; 141 247 261 331 294; 130 291 283 307 157; 29 373 275 281 171; 183 258 296 347 410; 108 204 303 232 225; 165 263 276 253 170; 144 209 267 235 236; 181 201 290 273 270; 194 306 324 216 244; 53 66 356 187 246; 124 162 361 245 208; 116 257 226 264 388; 20 152 411 344 443; 37 250 228 219 41; 184 189 256 186 203; 7 214 188 178 139; 36 274 143 210 315; 46 199 212 107 158; 68 72 269 215 242; 13 81 207 73 50; 31 190 202 259 128; 27 180 159 353 86; 49 211 138 310 51; 106 191 179 175 182; 15 43 101 84 238; 61 196 197 156 62; 32 217 239 429 308; 30 90 185 174 151; 11 155 218 286 40; 132 243 206 145 161; 118 146 126 127 169; 22 172 135 176 100; 3 88 164 129 80; 28 79 248 133 120; 0 97 58 45 83; 18 33 71 82 160; 21 195 222 94 99; 12 38 193 95 65; 56 113 74 98 109; 35 121 57 262 89; 25 87 77 60 103; 54 140 110 147; 55 70 177 163 76; 115 173
(Instance 206) 67 110 96; 24 101
(Instance 207) 1 87; 0 99 77 80 26; 40 98 92; 22 74; 18 37 76; 34 45 82 86; 8 29 17
(Instance 208) 0 1 2; 3 4 5
(Instance 209) 3 6 7 4; 1 5 2
(Instance 210) 362 368 365 367 366; 355 361 364 363 357; 350 359 358 351 356; 348 352 353 360 354; 343 344 346 347 349; 336 345 338 342 340; 334 341 339 335 337; 327 333 330 332 331; 323 328 324 329 325; 317 326 322 320 319; 313 314 318 321 316; 306 312 315 310 307; 303 309 308 305 311; 299 301 302 304 300; 287 290 297 296 298; 275 292 294 295 286; 283 289 288 293 291; 279 284 282 285 281; 270 273 280 278 277; 269 276 274 272 271; 258 262 268 267 264; 257 266 265 263 260; 253 261 255 256 259; 247 252 254 251 250; 244 249 248 245 246; 238 242 243 239 241; 233 235 240 236 237; 229 231 234 232 230; 220 228 227 225 221; 219 222 226 223 224; 208 212 218 217 216; 195 211 215 214 213; 205 210 209 207 206; 198 204 200 201 202; 192 194 203 199 197; 186 196 193 191 188; 182 185 189 184 190; 177 183 187 181 178; 171 176 172 180 179; 168 169 170 175 173; 162 165 167 174 166; 154 161 164 163 160; 153 157 158 155 159; 147 150 156 152 151; 125 148 145 149 143; 137 142 146 138 140; 135 141 144 139 136; 128 132 131 133 134; 124 127 126 130 129; 118 122 121 123 120; 110 113 119 116 115; 101 107 117 114 112; 100 109 108 111 106; 98 104 103 105 102; 91 99 93 92 97; 84 88 96 94 95; 80 82 90 87 85; 74 89 83 81 77; 69 86 78 71 76; 66 70 79 75 72; 61 73 68 67 63; 54 64 62 60 57; 50 59 65 58 52; 49 56 55 53 51; 41 45 44 47 46; 39 48 42 40 43; 24 34 38 36 37; 28 31 35 30 33; 19 23 29 26 27; 17 25 22 32 21; 13 14 18 20 15; 7 10 12 16 11; 2 5 8 9 6; 0 3 1
(Instance 211) 0 1 2; 4 5 6 7 8
(Instance 212) 35 197 192 183 169; 24 194 178 198 195; 67 179 170 184 172; 103 177 176 174 196; 52 191 185 199 158; 99 155 190 151 150; 34 168 182 181 187; 108 188 162 171 142; 116 160 164 161 157; 71 129 193 180 167; 75 165 173 146 166; 29 159 156 163 186; 135 152 144 149 175; 86 127 124 153 148; 40 121 123 154 141; 27 125 140 143 137; 81 119 128 189 115; 31 136 133 131 134; 98 122 130 102 120; 104 113 139 138 117; 38 112 111 132 147; 74 118 84 126 114; 85 96 101 90 109; 53 97 87 105 91; 22 78 100 92 107; 11 64 88 94 50; 8 54 145 89 16; 48 56 76 72 82; 9 59 106 83 36; 21 58 60 77 68; 17 70 26 55 93; 15 47 37 79 95; 19 69 45 33 23; 4 28 12 110 66; 6 51 46 57; 32 63 80 61 65; 0 73; 13 18; 7 44 39
(Instance 213) 225 226 232 231; 215 221 222 216; 212 218 219 213; 201 202 208 207; 211 217; 214 220; 203 204 210 209; 227 228 234 233; 223 224 230 229
(Instance 214) 275 280 281 282 283; 401 409 410 411 412; 426 434 435 436 437; 50 55 56 57 58; 302 313 314 315 316; 102 113 114 115 116; 151 159 160 161 162; 277 288 289 290 291; 304 321 322 323 324; 479 496 497 498 499; 1 9 10 11 12; 2 13 14 15 16; 29 46 47 48 49; 253 267 268 269 270; 178 192 193 194 195; 3 17 18 19 20; 52 63 64 65 66; 429 446 447 448 449; 226 234 235 236 237; 427 438 439 440 441; 428 442 443 444 445; 77 88 89 90 91; 375 380 381 382 383; 303 317 318 319 320; 28 42 43 44 45; 154 171 172 173 174; 76 84 85 86 87; 478 492 493 494 495; 352 363 364 365 366; 179 196 197 198 199; 101 109 110 111 112; 476 484 485 486 487; 128 142 143 144 145; 25 30 31 32 33; 300 305 306 307 308; 329 346 347 348 349; 225 230 231 232 233; 404 421 422 423 424; 252 263 264 265 266; 377 388 389 390 391; 327 338 339 340 341; 54 71 72 73 74; 376 384 385 386 387; 353 367 368 369 370; 301 309 310 311 312; 328 342 343 344 345; 127 138 139 140 141; 200 205 206 207 208; 125 130 131 132 133; 176 184 185 186 187; 201 209 210 211 212; 278 292 293 294 295; 403 417 418 419 420; 475 480 481 482 483; 26 34 35 36 37; 103 117 118 119 120; 354 371 372 373 374; 276 284 285 286 287; 453 467 468 469 470; 27 38 39 40 41; 350 355 356 357 358; 150 155 156 157 158; 126 134 135 136 137; 53 67 68 69 70; 251 259 260 261 262; 202 213 214 215 216; 477 488 489 490 491; 279 296 297 298 299; 325 330 331 332 333; 75 80 81 82 83; 454 471 472 473 474; 229 246 247 248 249; 379 396 397 398 399; 203 217 218 219 220; 326 334 335 336 337; 452 463 464 465 466; 450 455 456 457 458; 227 238 239 240 241; 175 180 181 182 183; 451 459 460 461 462; 228 242 243 244 245; 425 430 431 432 433; 79 96 97 98 99; 153 167 168 169 170; 129 146 147 148 149; 4 21 22 23 24; 152 163 164 165 166; 177 188 189 190 191; 100 105 106 107 108; 204 221 222 223 224; 254 271 272 273 274; 78 92 93 94 95; 0 5 6 7 8; 104 121 122 123 124; 250 255 256 257 258; 400 405 406 407 408; 351 359 360 361 362; 402 413 414 415 416; 378 392 393 394 395; 51 59 60 61 62
(Instance 215) 90 92 97 96 91; 85 98 99 93 87; 71 79 84 86 83; 65 88 82 75 81; 37 78 89 80 76; 40 74 94 95 55; 61 72 70 64 66; 43 58 60 67 68; 25 69 52 59 63; 46 50 54 77 47; 33 48 73 49 62; 31 57 44 53 32; 30 42 35 51 39; 27 36 45 28 34; 12 19 56 29 14; 11 17 38 24 41; 4 16 13 26 23; 0 18 22 21 8; 1 3 10 9 2
(Instance 216) 0 1 2 10 11; 5 6 7 8 9
(Instance 217) 236 239 245 248 242; 44 45 49 56 47; 164 166 170 175 167; 184 186 191 193 195; 228 231 229 235 230; 22 23 26 30 25; 134 137 142 135 136; 159 160 163 169 161; 221 227 226 233 224; 57 71 70 63 60; 61 62 68 67 65; 173 177 182 185 179; 267 269; 97 99 103 108 104; 260 263 262 266 264; 251 257 258 261 253; 150 152 158 157 153; 238 252 255 244 240; 172 181 180 176 178; 199 203 206 209 205; 50 55 59 58 54; 81 87 96 85 83; 187 188 190; 102 114 120 109 107; 128 130 133 132 129; 194 198 204 207 214; 243 247 250 246; 216 218 220 217 223; 122 125 127 126 123; 121 124; 201 202; 93 100 115 98 95; 5 11 15 16 9; 110 119 116 111 117; 64 69 73 77 75; 211 213 212 219 215; 84 89 91 88 86; 48 53; 154 155; 165 168; 232 234; 34 36 43 40 35; 7 10 13 14 12; 17 20 24 21 27; 72 79 74 82 80; 144 147 148 146; 92 94; 39 46 42 41; 6 8; 1 4 2 3; 145 149; 31 32; 28 29; 112 113 118; 18 19; 131 139 138; 101 106
(Instance 218) 284 294 304 314 324; 84 94 104 114 124; 41 51 61 71 81; 161 171 181 191 201; 285 295 305 315 325; 283 293 303 313 323; 162 172 182 192 202; 43 53 63 73 83; 45 55 65 75 85; 242 252 262 272 282; 82 92 102 112 122; 205 215 225 235 245; 4 14 24 34 44; 163 173 183 193 203; 2 12 22 32 42; 241 251 261 271 281; 164 174 184 194 204; 125 135 145 155 165

(Instance 220) 426 490 495 497 499; 440 482 489 492 496; 438 481 487 494 493; 461 491 488 480 498; 474 486 483 485 478; 448 463 479 476 467; 466 471 470 477 468; 455 472 473 469 462; 442 451 464 457 459; 429 460 465 475 484; 418 456 446 458 450; 368 439 445 454 441; 420 437 453 435 452; 421 444 423 447 449; 402 434 433 432 436; 403 424 427 417 428; 360 411 431 443 419; 405 412 425 408 410; 399 422 415 414 416; 332 400 401 406 430; 381 407 413 389 409; 379 396 391 394 392; 366 390 372 383 404; 327 395 393 385 387; 369 388 371 384 398; 359 397 378 377 375; 345 349 382 363 367; 346 362 386 376 374; 333 365 352 357 373; 313 361 356 355 340; 322 350 351 364 358; 299 343 380 354 353; 269 347 342 348 341; 326 339 344 338 337; 308 329 335 331 311; 315 328 325 323 316; 287 324 305 319 370; 252 309 320 334 336; 278 301 321 317 314; 280 303 318 296 330; 289 304 297 298 310; 256 281 312 307 300; 239 285 306 295 293; 222 292 283 302 276; 248 284 288 273 266; 259 290 294 279 291; 209 262 268 271 286; 245 267 265 282 263; 193 270 274 277 264; 203 275 272 250 257; 240 247 251 258 242; 234 261 238 253 237; 226 246 260 254 244; 208 249 236 233 225; 210 221 243 241 235; 188 255 216 231 230; 161 220 223 232 200; 206 215 213 228 229; 190 214 207 224 199; 197 198 212 217 219; 179 191 227 218 204; 117 205 189 201 211; 168 184 196 187 192; 175 180 181 186 176; 173 194 185 177 202; 119 182 178 174 183; 159 166 195 171 172; 162 165 169 163 167; 136 142 156 158 170; 134 154 164 160 149; 132 153 137 157 150; 82 147 151 146 152; 128 135 141 155 144; 121 145 148 143 129; 115 118 124 139 130; 113 125 123 140 138; 71 110 108 131 122; 101 116 111 120 109; 104 106 133 112 126; 102 127 105 107 103; 88 114 95 94 100; 64 80 91 93 98; 24 79 87 90 85; 66 99 84 97 74; 45 92 89 81 65; 68 96 76 83 69; 62 75 72 78 70; 50 73 59 86 77; 44 61 67 48 60; 51 57 55 63 54; 33 53 52 43 49; 30 58 56 36 47; 8 31 40 41 35; 15 42 38 46 25; 5 26 18 37 19; 11 29 17 23 28; 9 22 13 32 27; 2 16 6 20 39; 3 10 12
(Instance 221) 470 498 492 488 489; 452 486 496 472 494; 459 485 499 490 497; 467 487 495 483 480; 429 477 449 493 479; 464 478 465 471 491; 407 450 482 463 474; 437 461 468 484 447; 390 457 481 453 455; 454 475 476 462 460; 401 438 451 446 458; 343 448 445 473 433; 331 428 432 444 443; 422 442 469 441 466; 228 421 435 440 430; 369 420 380 419 439; 348 427 436 415 456; 283 409 418 417 405; 250 424 423 425 431; 178 406 411 416 410; 371 395 426 434 404; 259 396 414 393 402; 368 388 413 387 412; 252 352 398 394 381; 363 384 400 386 379; 323 359 408 361 397; 57 370 391 382 355; 197 403 376 374 345; 160 377 337 357 356; 329 367 385 344 375; 310 334 399 360 353; 342 392 349 364 351; 302 365 354 332 362; 309 347 317 341 389; 142 326 336 373 372; 266 298 378 321 340; 265 350 313 305 358; 95 308 383 346 327; 315 319 324 318 330; 231 366 339 335 338; 233 316 322 314 295; 278 328 306 307 281; 279 296 285 294 333; 274 304 287 292 290; 248 311 268 282 325; 286 301 303 293 288; 264 320 300 276 291; 203 267 262 270 258; 185 263 257 312 256; 236 253 247 289 272; 190 299 271 244 284; 122 277 239 251 246; 177 249 245 269 280; 156 243 254 237 214; 215 275 240 261 260; 195 205 234 242 235; 126 218 297 225 222; 155 167 230 186 255; 211 238 212 273 241; 115 227 220 208 193; 170 217 176 223 221; 15 192 224 232 198; 61 187 219 209 202; 169 201 229 216 204; 153 189 207 158 206; 146 199 180 179 210; 138 182 163 196 171; 22 162 213 183 174; 151 184 200 191 188; 132 168 173 175 145; 141 226 165 147 172; 114 164 121 154 130; 5 161 166 144 100; 108 150 128 111 116; 10 134 159 157 137; 25 181 143 124 110; 97 133 148 194 136; 106 123 135 152 113; 38 107 120 82 103; 2 125 149 118 101; 89 96 91 104 140; 74 127 102 131 88; 4 119 112 85 129; 53 117 90 109 65; 14 99 83 72 20; 45 92 94 86 105; 55 98 66 84 77; 43 76 51 47 78; 17 50 70 80 139; 0 93 75 58 30; 24 73 87 81 59; 19 23 40 52 49; 8 63 69 68 31; 3 79 62 39 42; 26 35 60 48 67; 13 28 41 46; 9 16 44 37; 6 64
(Instance 222) 24 25 30 31; 0 1 6 7; 27 28 33 34; 75 76 81 82; 63 64 69 70; 39 40 45 46; 99 100 105 106; 108 109 114 115; 72 73 78 79; 84 85 90 91; 74 83; 62 71; 12 13 18 19; 87 88 93 94; 51 52 57 58; 15 16 21 22; 111 112 117 118; 60 61 66 67; 48 49 54 55; 96 97 102 103; 3 4 9 10; 36 37 42 43; 14 23; 26 35; 98 107; 2 11; 86 95; 38 47; 50 59; 110 119
(Instance 223) 495 499 498 497 496; 490 494 493 492 491; 485 489 488 487 486; 480 484 483 482 481; 475 479 478 477 476; 470 474 473 472 471; 465 469 468 467 466; 460 464 463 462 461; 455 459 458 457 456; 450 454 453 452 451; 445 449 448 447 446; 440 444 443 442 441; 435 439 438 437 436; 430 434 433 432 431; 425 429 428 427 426; 420 424 423 422 421; 415 419 418 417 416; 410 414 413 412 411; 405 409 408 407 406; 400 404 403 402 401; 395 399 398 397 396; 390 394 393 392 391; 385 389 388 387 386; 380 384 383 382 381; 375 379 378 377 376; 370 374 373 372 371; 365 369 368 367 366; 360 364 363 362 361; 355 359 358 357 356; 350 354 353 352 351; 345 349 348 347 346; 340 344 343 342 341; 335 339 338 337 336; 330 334 333 332 331; 325 329 328 327 326; 320 324 323 322 321; 315 319 318 317 316; 310 314 313 312 311; 305 309 308 307 306; 300 304 303 302 301; 295 299 298 297 296; 290 294 293 292 291; 285 289 288 287 286; 280 284 283 282 281; 275 279 278 277 276; 270 274 273 272 271; 265 269 268 267 266; 260 264 263 262 261; 255 259 258 257 256; 250 254 253 252 251; 245 249 248 247 246; 240 244 243 242 241; 235 239 238 237 236; 230 234 233 232 231; 225 229 228 227 226; 220 224 223 222 221; 215 219 218 217 216; 210 214 213 212 211; 205 209 208 207 206; 200 204 203 202 201; 195 199 198 197 196; 190 194 193 192 191; 185 189 188 187 186; 180 184 183 182 181; 175 179 178 177 176; 170 174 173 172 171; 165 169 168 167 166; 160 164 163 162 161; 155 159 158 157 156; 150 154 153 152 151; 145 149 148 147 146; 140 144 143 142 141; 135 139 138 137 136; 130 134 133 132 131; 125 129 128 127 126; 120 124 123 122 121; 115 119 118 117 116; 110 114 113 112 111; 105 109 108 107 106; 100 104 103 102 101; 95 99 98 97 96; 90 94 93 92 91; 85 89 88 87 86; 80 84 83 82 81; 75 79 78 77 76; 70 74 73 72 71; 65 69 68 67 66; 60 64 63 62 61; 55 59 58 57 56; 50 54 53 52 51; 45 49 48 47 46; 40 44 43 42 41; 35 39 38 37 36; 30 34 33 32 31; 25 29 28 27 26; 20 24 23 22 21; 15 19 18 17 16; 10 14 13 12 11; 5 9 8 7 6; 0 4 3 2 1
(Instance 224) 8 66 17; 22 74
(Instance 225) 11 16 29 26; 5 25 27; 1 8 21 9; 4 17 24; 2 20; 7 28
(Instance 226) 478 496 499 486 494; 487 498 493 497 492; 445 495 489 491 484; 441 490 488 475 477; 470 471 480 483 474; 454 479 467 476 462; 447 481 482 485 472; 443 466 464 469 468; 411 473 460 463 465; 390 446 461 458 459; 434 437 457 436 452; 439 450 455 456 442; 425 426 451 429 453; 419 420 448 427 440; 349 430 449 423 435; 428 432 433 438 444; 379 424 391 421 431; 382 422 412 417 418; 387 410 416 402 409; 399 413 414 415 407; 378 404 408 406 405; 383 393 398 388 403; 385 394 401 400 395; 365 376 389 396 397; 356 381 380 392 386; 358 373 377 375 384; 357 366 372 363 370; 344 369 355 371 374; 328 367 368 345 362; 311 354 364 332 360; 314 351 353 359 334; 337 348 343 341 342; 324 352 346 350 361; 292 333 347 312 340; 320 338 339 335 336; 315 316 331 321 330; 317 325 319 323 329; 310 322 326 327 318; 287 308 301 304 290; 291 300 307 313 303; 277 299 295 305 306; 285 293 309 296 297; 266 276 302 298 289; 258 282 288 294 272; 270 283 284 286 279; 234 274 275 278 281; 150 261 271 273 280; 257 269 259 268 267; 250 262 264 265 260; 200 254 255 256 263; 236 239 242 251 253; 208 244 247 248 249; 223 246 231 237 252; 227 235 243 245 233; 199 226 241 220 232; 177 228 240 222 230; 189 221 212 238 219; 215 225 217 218 229; 205 216 211 213 207; 202 204 224 210 214; 190 201 206 209 194; 153 198 192 187 203; 184 197 191 186 195; 171 182 176 196 173; 167 185 174 169 193; 154 165 183 181 170; 151 180 188 161 178; 144 168 175 157 172; 121 179 163 164 143; 149 156 158 162 166; 137 146 160 145 155; 139 159 152 142 140; 133 148 147 138 141; 111 129 136 131 135; 93 116 126 128 134; 102 115 132 127 119; 86 123 130 108 124; 46 107 112 118 120; 82 122 109 110 125; 101 117 103 105 114; 32 113 90 106 98; 96 97 99 100 104; 85 95 92 89 91; 56 75 87 76 88; 34 77 83 84 80; 71 74 79 72 94; 63 70 81 78 73; 59 69 64 65 67; 35 58 57 66 61; 48 49 51 52 68; 36 53 62 55 60; 27 39 45 54 43; 28 31 30 47 44; 3 42 50 23 24; 17 29 40 25 41; 0 1 18 37 38; 5 20 9 8 33; 13 22 21 26 19; 15 16; 4 10 11 6
(Instance 227) 422 423 424 425 426; 401 402 403 404 405; 149 150 151 152 153; 65 66 67 68 69; 331 332 333 334 335; 415 416 417 418 419; 163 164 165 166 167; 212 213 214 215 216; 387 388 389 390 391; 30 31 32 33 34; 380 381 382 383 384; 471 472 473 474 475; 23 24 25 26 27; 135 136 137 138 139; 156 157 158 159 160; 98 99 100; 317 318 319 320 321; 394 395 396 397 398; 268 269 270 271 272; 72 73 74 75 76; 296 297 298 299 300; 352 353 354 355 356; 121 122 123 124 125; 58 59 60 61 62; 142 143 144 145 146; 219 220 221 222 223; 51 52 53 54 55; 345 346 347 348 349; 35 36 37; 373 374 375 376 377; 359 360 361 362 363; 170 171 172 173 174; 310 311 312 313 314; 478 479 480 481 482; 485 486 487 488 489; 177 178 179 180 181; 427 428 429; 366 367 368 369 370; 2 3 4 5 6; 226 227 228 229 230; 289 290 291 292 293; 282 283 284 285 286; 184 185 186 187 188; 464 465 466 467 468; 457 458 459 460 461; 107 108 109 110 111; 126 127 128; 275 276 277 278 279; 114 115 116 117 118; 247 248 249 250 251; 301 302 303; 408 409 410 411 412; 261 262 263 264 265; 198 199 200 201 202; 338 339 340 341 342; 254 255 256 257 258; 191 192 193 194 195; 93 94 95 96 97; 436 437 438 439 440; 238 239 240; 86 87 88 89 90; 9 10 11 12 13; 443 444 445 446 447; 14 15 16; 492 493 494 495 496; 324 325 326 327 328; 233 234 235 236 237; 44 45 46 47 48; 450 451 452 453 454; 79 80 81 82 83; 205 206 207 208 209
(Instance 228) 5 49; 0 1
(Instance 229) 183 190 189 188 185; 180 182 181 187 186; 169 184 178 179 171; 166 175 177 176 172; 164 167 174 173 170; 161 165 162 168 163; 156 158 157 160 159; 149 153 155 151 154; 144 148 152 150 146; 140 147 145 143 142; 133 138 136 139 135; 128 134 132 141 131; 125 137 130 129 127; 118 124 123 126 121; 116 117 119 122 120; 108 113 114 115 112; 101 105 110 109 106; 97 100 111 102 107; 93 103 104 99 98; 84 89 94 92 95; 85 91 90 87 86; 78 88 82 96 81; 76 80 83 79 77; 68 75 73 74 69; 63 72 71 70 67; 60 62 65 66 64; 53 61 58 59 54; 49 57 56 52 55; 43 51 50 47 46; 39 48 40 42 44; 35 45 38 41 36; 29 31 34 33 32; 24 30 27 26 28; 20 22 25 23 37; 14 17 19 18 16; 9 21 15 13 11; 4 7 12 10 8; 0 1 6; 2 3
(Instance 230) 14 34 97 91 55; 22 74
(Instance 231) 5 9 8 7 6; 0 4 3 2 1
(Instance 232) 1 4 3
(Instance 233) 119 239 245 386 399; 219 381 394 298 318; 174 413 379 244 380; 50 234 360 423 213; 72 260 377 77 320; 118 254 161 273 428; 22 231 214 417 356; 15 352 405 164 153; 65 169 162 68 340; 4 321 204 187 359; 12 443 406 367 456; 42 60 146 193 184; 55 294 142 357 97; 82 382 179 114 139; 70 341 188 284 227; 160 403 322 333 171; 102 250 286 252 152; 64 278 373 445 458; 29 228 309 104 425; 71 76 113 308 398; 21 115 297 134 257; 130 205 246 221 279; 84 125 172 240 181; 41 383 73 350 209; 109 395 237 156 267; 121 190 459 447 265; 11 262 157 454 363; 85 256 100 295 391; 13 327 91 90 38; 63 368 372 378 263; 117 180 289 345 275; 53 215 150 304 450; 2 429 313 281 317; 31 249 346 147 122; 81 326 182 129 419; 24 232 137 149 306; 48 389 87 416 426; 78 338 197 461 186; 8 207 375 264 276; 25 203 133 348 220; 1 93 222 385 195; 185 198 261 206 337; 127 397 128 151 271; 17 420 96 272 189; 45 105 223 94 103; 69 325 131 212 334; 112 199 421 167 243; 39 241 342 230 349; 20 293 259 410 123; 10 66 110 23 226; 126 439 303 407 255; 27 62 46 401 192; 116 361 208 409 217; 32 280 270 266 358; 19 335 51 323 56; 7 362 437 176 331; 26 438 33 374 34; 5 52 448 107 462; 0 324 274 163 283; 6 95 247 175 387; 143 269 396 177 369; 148 432 292 291 183; 67 376 98 393 412; 16 141 83 457 365; 30 384 307 168 235; 35 57 233 408 61; 108 330 329 111 290; 47 415 296 99 418; 89 388 302 347 166; 136 366 433 430 144; 88 463 390 314 158; 238 258 319 460 424; 40 453 159 165 216; 14 354 135 305 435; 200 414 312 427; 74 92 355 224 400; 28 155 300 353 37; 44 336 371 242 138; 248 364 287 311 370; 18 80 49 59 402; 43 277 441 328 173; 170 411 455 315 253; 202 351 299 449 288; 218 344 316 422 268; 75 210 442 436 194; 120 451 285 440 444; 3 101 201 145 446; 79 431 124 225 191; 36 178 211 392 404; 54 282 236 343 58; 106 310 251 301 434; 9 86 229 452 154; 132 140 196 332 339
(Instance 234) 38 480 150 450 230; 112 403 489 455 422; 182 278 305 249 485; 165 330 218 374 497; 30 321 424 442 235; 21 344 478 402 172; 17 499 358 346 299; 205 417 332 447 324; 37 425 327 349 217; 92 311 454 386 185; 9 328 462 170 488; 237 238 460 307 449; 222 476 298 457 446; 96 194 486 173 153; 118 408 390 353 231; 0 274 288 468 187; 131 361 406 272 459; 35 240 211 364 363; 2 100 295 175 319; 276 292 306 339 448; 10 152 304 268 383; 59 438 429 355 370; 126 380 149 401 308; 44 94 47 477 141; 22 146 252 245 367; 159 395 266 221 285; 61 147 148 199 479; 81 397 414 204 251; 228 463 347 263 456; 27 114 437 496 80; 191 427 225 331 416; 97 169 398 419 373; 166 474 411 464 196; 119 176 275 351; 180 392 432 280 234; 79 404 294 490 177; 15 60 269 376 67; 164 342 461 291 410; 57 354 208 259 143; 71 260 188 83 239; 5 139 113 270 399; 78 120 155 138 273; 48 195 428 145; 34 253 103 491 69; 64 325 277 190; 108 338 492 258; 23 443 481; 82 343 407 482; 144 192 267 189 184; 51 466; 33 434 183 157; 68 229 289 452; 70 86 197 250 236; 13 214 254 439 472; 186 261 248 279; 24 300 219; 42 440 366 132 453; 105 265 271 179 348; 8 111; 247 335 409; 104 465 284; 29 391; 135 242 475; 107 200 433 393 310; 93 372
(Instance 235) 
(Instance 236) 415 417 420 419 416; 402 414 418 411 409; 404 412 413 405 406; 397 407 401 408 410; 389 390 400 399 398; 386 395 394 391 393; 366 388 387 384 385; 378 396 392 403 379; 376 381 377 382 383; 371 374 372 380 375; 353 362 370 369 373; 357 367 359 368 365; 352 364 360 361 363; 346 350 355 356 354; 341 358 349 347 343; 339 345 351 348 344; 333 337 338 342 336; 324 329 331 340 325; 327 330 332 328 334; 316 335 320 326 323; 315 318 322 319 317; 307 321 314 308 309; 300 311 306 302 301; 296 305 312 304 299; 287 310 313 298 297; 291 292 294 295 293; 283 290 288 286 284; 280 282 289 303 281; 267 279 278 274 285; 264 266 271 277 272; 262 276 275 270 273; 255 261 265 268 263; 252 259 260 256 257; 237 244 269 253 258; 214 236 246 250 249; 242 251 247 245 243; 239 241 240 254 248; 230 238 235 232 231; 223 224 234 233 226; 206 228 229 225 222; 218 219 227 221 220; 207 211 209 217 216; 201 215 213 210 205; 190 203 202 204 193; 188 208 200 199 198; 185 194 212 197 195; 170 191 187 183 180; 182 186 196 189 184; 158 177 179 176 181; 172 178 175 192 174; 162 167 169 168 173; 159 171 166 165 160; 154 157 156 164 161; 143 152 149 163 150; 138 155 153 148 151; 135 146 145 141 140; 131 137 147 144 139; 122 136 133 132 134; 119 130 142 129 124; 120 125 128 127 123; 112 126 115 117 121; 107 108 110 113 111; 100 104 116 118 114; 97 105 106 109 99; 92 98 101 103 94; 84 96 95 88 86; 77 90 93 102 79; 76 91 83 87 78; 64 80 75 89 81; 69 73 85 82 71; 66 74 68 70 72; 58 65 62 67 63; 52 60 61 59 55; 50 51 56 54 53; 40 43 57 48 49; 27 47 46 45 41; 31 37 39 44 34; 28 38 36 29 30; 18 35 33 32 25; 6 26 24 21 19; 7 15 42 23 22; 9 20 14 13 12; 2 16 11 17 10; 1 5 3 8
(Instance 237) 491 492 499 498 495; 462 489 493 494 497; 438 483 487 490 496; 481 482 484 485 486; 463 470 488 467 472; 448 473 478 479 480; 406 468 476 477 471; 464 466 475 474 469; 420 465 458 461 459; 440 455 456 457 460; 434 452 447 453 454; 417 449 436 446 451; 412 443 450 445 444; 403 431 441 442 435; 423 426 429 433 439; 421 428 424 425 432; 416 422 427 430 437; 398 410 415 418 419; 390 399 409 405 400; 386 408 404 413 414; 358 402 411 396 407; 367 391 382 395 393; 366 389 381 397 401; 369 383 379 388 394; 363 392 375 384 385; 349 359 374 380 373; 345 387 360 376 377; 292 370 365 368 361; 353 356 371 362 378; 344 372 364 357 346; 335 341 352 350 355; 322 338 354 340 339; 333 336 351 347 348; 324 331 329 330 343; 311 337 342 325 334; 283 320 332 323 326; 305 315 327 321 319; 308 312 318 317 328; 274 307 316 310 314; 293 304 309 299 313; 286 288 294 302 303; 279 290 306 301 298; 193 297 266 296 280; 260 284 285 291 270; 200 282 295 300 278; 207 277 272 276 287; 261 289 269 273 271; 235 265 281 256 275; 239 263 268 259 267; 246 264 255 254 258; 241 262 249 250 257; 204 243 244 245 252; 236 237 242 248 253; 219 233 251 229 238; 181 240 247 226 234; 167 222 232 224 211; 186 228 227 218 225; 201 217 214 231 212; 196 220 221 230 216; 189 215 213 202 197; 136 187 223 209 195; 131 203 206 208 192; 179 194 210 205 198; 132 176 191 190 199; 174 185 188 178 180; 133 182 184 173 177; 166 172 169 171 175; 149 155 168 163 165; 159 160 161 162 170; 73 154 183 150 164; 142 153 151 158 152; 92 156 143 147 157; 109 144 146 140 148; 119 134 121 127 141; 120 125 135 145 139; 77 123 129 137 128; 114 124 126 138 118; 101 111 108 116 117; 76 130 106 112 122; 96 113 97 100 107; 82 99 110 88 104; 87 115 89 94 105; 56 93 72 98 79; 69 86 103 80 95; 70 75 90 102 78; 16 84 85 65 91; 60 67 68 74 83; 47 81 59 66 63; 58 61 62 71 64; 41 50 54 52 57; 37 46 53 49 48; 23 39 40 51 55; 26 44 45 34 38; 21 31 32 43 35; 20 28 29 42 30; 17 33 36 24 27; 1 22 14 5 25; 8 9 18 19 11; 6 7 10 12 13
(Instance 238) 495 496 497 498 499; 490 491 492 493 494; 485 486 487 488 489; 480 481 482 483 484; 475 476 477 478 479; 470 471 472 473 474; 465 466 467 468 469; 460 461 462 463 464; 455 456 457 458 459; 450 451 452 453 454; 445 446 447 448 449; 440 441 442 443 444; 435 436 437 438 439; 430 431 432 433 434; 425 426 427 428 429; 420 421 422 423 424; 415 416 417 418 419; 410 411 412 413 414; 405 406 407 408 409; 400 401 402 403 404; 395 396 397 398 399; 390 391 392 393 394; 385 386 387 388 389; 380 381 382 383 384; 375 376 377 378 379; 370 371 372 373 374; 365 366 367 368 369; 360 361 362 363 364; 355 356 357 358 359; 350 351 352 353 354; 345 346 347 348 349; 340 341 342 343 344; 335 336 337 338 339; 330 331 332 333 334; 325 326 327 328 329; 320 321 322 323 324; 315 316 317 318 319; 310 311 312 313 314; 305 306 307 308 309; 300 301 302 303 304; 295 296 297 298 299; 290 291 292 293 294; 285 286 287 288 289; 280 281 282 283 284; 275 276 277 278 279; 270 271 272 273 274; 265 266 267 268 269; 260 261 262 263 264; 255 256 257 258 259; 250 251 252 253 254; 245 246 247 248 249; 240 241 242 243 244; 235 236 237 238 239; 230 231 232 233 234; 225 226 227 228 229; 220 221 222 223 224; 215 216 217 218 219; 210 211 212 213 214; 205 206 207 208 209; 200 201 202 203 204; 195 196 197 198 199; 190 191 192 193 194; 185 186 187 188 189; 180 181 182 183 184; 175 176 177 178 179; 170 171 172 173 174; 165 166 167 168 169; 160 161 162 163 164; 155 156 157 158 159; 150 151 152 153 154; 145 146 147 148 149; 140 141 142 143 144; 135 136 137 138 139; 130 131 132 133 134; 125 126 127 128 129; 120 121 122 123 124; 115 116 117 118 119; 110 111 112 113 114; 105 106 107 108 109; 100 101 102 103 104; 95 96 97 98 99; 90 91 92 93 94; 85 86 87 88 89; 80 81 82 83 84; 75 76 77 78 79; 70 71 72 73 74; 65 66 67 68 69; 60 61 62 63 64; 55 56 57 58 59; 50 51 52 53 54; 45 46 47 48 49; 40 41 42 43 44; 35 36 37 38 39; 30 31 32 33 34; 25 26 27 28 29; 20 21 22 23 24; 15 16 17 18 19; 10 11 12 13 14; 5 6 7 8 9; 0 1 2 3 4
(Instance 239) 94 96 98 97 99; 86 93 92 95 90; 82 91 87 88 89; 77 85 84 81 83; 73 79 78 80 75; 69 72 70 76 71; 64 74 67 66 68; 56 61 62 63 65; 52 59 60 58 55; 45 54 57 48 51; 42 47 53 49 46; 33 44 41 40 50; 35 43 38 37 36; 22 30 39 34 32; 26 27 29 31 28; 20 25 23 21 24; 13 18 19 14 17; 7 15 12 16 9; 3 11 5 8 4; 0 10 6
(Instance 240) 1 2 3 4 5
(Instance 241) 333 494 493 498 484; 444 464 475 482 485; 276 483 495 477 489; 453 457 496 480 488; 241 473 497 452 470; 438 465 441 479 499; 456 487 472 492 490; 348 491 481 486 468; 128 459 454 471 421; 419 469 449 478 446; 391 451 467 435 466; 420 450 437 429 439; 214 458 442 474 440; 376 463 427 445 443; 417 448 425 430 461; 202 415 476 433 455; 282 462 434 424 413; 18 408 422 460 418; 370 387 432 406 410; 247 403 436 407 394; 316 390 412 414 392; 228 395 431 428 405; 373 426 423 401 379; 322 447 404 375 366; 109 383 397 353 377; 337 409 363 378 402; 198 356 382 371 400; 352 372 384 359 389; 283 398 393 396 385; 324 381 411 347 386; 291 388 354 351 344; 172 369 355 340 380; 278 342 339 416 399; 264 357 364 360 346; 268 341 374 345 361; 328 358 362 332 367; 225 336 313 368 343; 272 350 335 321 338; 288 331 297 317 323; 245 327 365 329 294; 206 310 300 307 319; 190 334 305 318 330; 231 349 308 298 312; 134 302 320 303 314; 226 263 309 315 284; 208 311 265 301 285; 207 233 299 281 290; 229 258 295 279 259; 133 289 292 325 248; 266 277 269 275 326; 240 249 271 293 253; 261 306 262 286 273; 212 244 304 251 274; 178 257 287 254 232; 203 236 296 252 267; 218 280 250 235 255; 189 223 239 227 238; 82 201 237 211 213; 92 219 242 243 246; 153 270 216 260 222; 184 224 230 215 210; 191 194 197 234 205; 83 256 217 186 192; 163 209 185 179 193; 70 166 204 196 188; 60 195 175 221 176; 147 169 165 181 157; 76 200 220 167 177; 58 164 146 182 168; 144 170 156 183 199; 154 171 187 174 159; 132 158 162 145 137; 93 131 180 173 126; 59 149 135 121 142; 62 139 91 151 150; 104 152 110 143 136; 0 113 124 99 111; 50 161 127 141 125; 97 160 117 102 148; 87 103 123 118 155; 105 120 130 114 129; 81 108 112 100 107; 73 116 122 90 84; 57 98 106 140 77; 25 74 96 61 80; 71 78 138 88 75; 8 46 85 65 53; 24 95 67 115 86; 2 64 44 63 47; 22 79 45 32 43; 1 33 119 39 94; 20 72 56 23 37; 16 49 69 68 38; 4 12 101 15 6; 7 89; 11 35 14 21 31; 19 54; 3 40 26 42 66; 10 30 51 29 41
(Instance 242) 43 46 49 47 48; 39 40 42 45 44; 34 36 37 38 41; 30 35 33 32 31; 23 29 28 27 26; 20 25 24 22 21; 14 19 17 18 16; 10 13 15 12 11; 5 9 8 7 6; 0 4 1; 2 3
(Instance 243) 0 1 2 3 4
(Instance 244) 70 458 434 151 456; 116 498 422 304 376; 153 433 405 174 377; 187 492 283 421 380; 166 213 477 388 349; 184 217 427 298 437; 169 472 488 453 225; 2 158 398 233 469; 103 482 428 459 410; 51 308 487 435 399; 358 467 366 371 497; 29 454 489 450 365; 20 318 479 415 499; 232 470 423 386 407; 295 449 324 307 432; 215 404 226 414 348; 209 350 287 465 355; 167 400 420 496 286; 143 155 267 292 242; 77 338 303 336 483; 230 264 289 333 280; 142 391 485 214 239; 98 431 285 446 363; 118 310 451 309 250; 185 372 195 475 204; 7 493 247 384 90; 127 445 154 416 256; 170 448 397 494 417; 245 462 306 344; 12 429 438 478 32; 75 317 108 392 426; 69 80 282 408 82; 78 343 442 276 265; 22 325 64 443 374; 41 211 314 361 490; 58 198 409 260 150; 109 199 425 403 194; 47 340 457 201 322; 15 92 367 89 246; 296 302 390 297 379; 21 248 339 290 270; 49 473 257 145 178; 102 202 122 347 212; 171 323 369 424 436; 46 192 337 229 447; 1 146 252 177 312; 4 67 39 183 313; 6 59 393 356 261; 84 258 301 439 208; 18 396 196 353 33; 141 411 351 305 321; 97 157 418 263 495; 124 173 203 381 206; 50 188 74 52; 163 370 266; 16 291 111 327 85; 17 66 72 140 394; 53 161; 44 68 57 115; 320 430; 13 176
(Instance 245) 87 278 132 372 286; 99 199 326 125 231; 368 414; 50 240 318 442 179; 37 390 78 261 492; 58 190 244 73 419; 201 304 401 367 317; 62 160 396 238 196; 177 486 265 232 289; 108 479 151 466 333; 3 138 448 465 365; 12 31 469 374 90; 9 338 443 351 375; 246 426 436 383 439; 17 194 493 432 94; 106 420 434 235 257; 65 267 347 135 285; 227 352 381 485 433; 57 168 340 130 263; 140 290 211 429 310; 95 373 495 283 150; 77 157 366 192 117; 43 449 230 376 45; 36 233 287 198 208; 378 408 454 423 440; 24 364 468 172 463; 6 294 410 251 178; 61 291 382 424 245; 75 391 86 459 119; 303 321 451 422 363; 137 224 242 421 276; 54 455 484 107 400; 85 193 356 428 335; 18 42 315 35 218; 204 464 398 370 217; 38 241 441 89 162; 14 379 407 22 298; 220 444 305 248 353; 30 487 51 339 393; 102 331 104 243 180; 46 92 269 184 176; 74 165 195 111 334; 133 354 185 167 483; 56 93 96 124 409; 203 256 412 215 225; 20 255 101 83 293; 100 480 392 214 324; 126 144 131 430 237; 109 254 143 402 166; 11 417 397 63 169; 170 309 358 182 252; 53 395 314 249 98; 15 27 39 325 413; 308 385 323 446 491; 34 311 222 175 213; 129 258 259 223 416; 40 216 219 481 435; 91 149 299 155 234; 67 121 80 279 161; 239 461 437 253 496; 10 88 221 174 118; 4 330 183 19 346; 116 369 476 275 122; 23 292 302 146 329; 128 341 362 460 470; 29 113 343 415 327; 110 403 134 229 274; 55 345 187 127 260; 26 300 477 482 387; 159 462 226 284 380; 5 158 164 103 474; 44 361 337 306 186; 66 389 139 473 145; 69 425 431 79 399; 112 344 266 406 123; 60 320 271 418 141; 148 189 475 405 262; 33 297 210 105 273; 154 163 173 467 181; 47 84 191 206 301; 81 456 457 386 359; 270 427 280 336 453; 147 209 268 200 288; 207 332 384 357 450; 32 307 250 82 64; 2 228 28 355 296; 41 59 360 236 171; 1 114 447 205 48; 76 472 445 342 371; 7 295 25 72 282; 97 322 328 136 494; 0 13 115 212 316; 16 411 247 489 350; 21 438 394 490 197; 49 52 142 153 156; 70 319 71 388 404; 202 312 272 471 348; 68 152 313 120 458; 264 377 281 478 488; 8 452 277 188 349
(Instance 246) 453 454 455; 143 144 145; 252 253 254; 199 200 201; 206 207 208; 45 46 47; 65 66 67; 404 405 407 408 406; 461 462 463; 1 3 4 5 6; 267 268 269; 240 241 242; 347 348 349; 483 484 485; 24 25; 388 389 390; 354 355 356; 107 108 109; 91 92 93; 18 19 20 22; 447 448 449; 176 177 178; 10 16 17; 296 297 298; 184 185 186; 361 362 363; 302 303 304; 467 468 469; 237 238 239; 223 224 225; 112 113 114; 412 413 414; 245 246 247; 443 444 445; 488 489 490; 417 418 419; 195 196 197; 440 441 442; 333 334 335; 13 14 15
(Instance 247) 8 9; 0 3 2 1; 6 7; 4 5
(Instance 248) 333 447 419 459; 190 458 229 479; 66 312 406 395; 82 270 310 340; 226 273 391 470; 162 327 326 243; 11 65 146 349; 45 135 194 187; 70 416 259 186; 101 172 357 298; 92 407 359 453; 351 477 449 354; 185 457 392 455; 177 244 420 366; 319 435 350 384; 116 324 348 184; 224 363 411 469; 125 151 198 262; 278 328 445 301; 306 353 426 330; 37 79 413 345; 388 464 415 428; 1 443 246 403; 264 318 339 371; 87 251 446 152; 157 163 242 364; 218 292 295 462; 166 374 431 465; 168 344 460 475; 50 67 322 106; 18 346 143 91; 103 335 272 305; 208 283 466 331; 8 154 401 343; 47 73 414 281; 257 352 438 314; 268 358 396 361; 206 468 274 476; 233 390 450 311; 105 189 203 372; 267 417 279 399; 64 165 424 149; 221 261 427 252; 42 440 142 291; 129 282 286 225; 234 263 444 248; 114 338 367 290; 16 410 199 425; 74 217 181 380; 72 169 441 480; 155 409 182 309; 159 472 193 214; 7 260 19 235; 57 236 418 321; 22 297 382 160; 34 75 180 482; 285 434 405 432; 5 342 373 6; 0 192 239 394; 49 115 436 173; 210 336 284 423; 3 393 96 104; 13 144 368 35; 30 170 102 88; 80 164 161 386; 117 442 133 356; 24 61 48 408; 31 332 249 253; 95 429 127 258; 89 316 176 238; 28 121 385 188; 156 266 247 375; 83 456 289 131; 110 128 196 467; 167 254 474 250; 304 430 422 365; 25 205 134 231; 38 404 63 137; 14 448 85 433; 26 140 302 230; 17 197 211 43; 53 113 81 377; 54 317 76 132; 2 360 62 123; 119 379 138 439; 97 337 171 98; 84 315 158 481; 36 232 275 215
(Instance 249) 467 499 490 481 476; 469 484 496 498 487; 413 460 488 493 483; 451 478 497 482 475; 318 485 494 495 492; 165 457 466 477 474; 352 461 472 479 436; 393 491 486 471 462; 314 435 449 455 468; 444 470 448 464 480; 433 458 447 454 439; 383 452 442 465 473; 193 450 456 445 427; 420 438 463 434 441; 175 440 431 405 453; 356 417 446 430 432; 343 414 416 489 419; 287 407 437 459 426; 389 425 443 390 424; 397 409 411 428 422; 173 429 406 421 418; 372 410 408 396 415; 367 398 395 404 379; 279 391 403 402 423; 180 375 392 412 371; 293 399 394 384 387; 241 380 374 400 381; 360 378 377 370 388; 342 385 382 364 361; 249 373 337 376 358; 312 346 351 365 341; 288 338 369 359 363; 321 357 386 362 355; 292 334 368 333 336; 310 340 319 353 401; 313 354 332 350 345; 169 330 324 349 339; 286 326 344 335 328; 113 323 331 325 348; 244 322 320 327 315; 204 329 304 296 307; 268 285 347 311 299; 156 309 305 283 303; 267 366 297 306 302; 271 294 282 278 289; 238 269 317 290 263; 188 281 266 274 316; 121 277 301 276 280; 215 284 308 275 248; 199 273 295 298 262; 242 245 254 291 256; 179 246 265 251 300; 151 259 272 264 257; 163 218 250 261 252; 86 270 247 239 253; 222 234 226 237 233; 223 232 260 224 240; 187 243 221 190 228; 17 225 235 206 220; 164 207 194 213 210; 161 236 217 209 227; 203 211 216 208 258; 79 197 230 255 205; 108 147 177 212 202; 181 231 219 196 186; 160 201 200 192 178; 32 172 162 159 153; 54 152 229 149 195; 129 150 191 174 171; 142 148 183 144 182; 146 167 154 198 184; 128 170 143 132 145; 115 131 155 185 176; 6 134 141 166 133; 92 168 114 124 140; 63 123 139 135 105; 64 102 157 137 118; 78 158 214 117 130; 2 138 89 127 122; 104 136 112 119 125; 31 107 189 109 116; 72 91 101 84 106; 29 71 98 97 87; 61 90 73 99 126; 51 103 80 96 65; 1 55 74 83 57; 50 120 82 110 94; 53 111 76 67 69; 24 100 66 56 35; 4 33 47 88 75; 37 93 70 39 60; 5 68 81 40 52; 38 42 95 59; 10 21 18 26 58; 25 30 48 34 46; 9 19 22 12; 16 28 27 44 49
(Instance 250) 330 334 336 331 335; 324 332 333 329 325; 318 328 319 326 323; 313 322 320 327 316; 307 315 321 317 311; 308 310 309 314 312; 287 306 305 304 303; 295 300 302 301 297; 282 299 298 294 296; 281 292 286 293 291; 275 280 289 284 290; 276 285 277 279 288; 272 283 273 274 278; 266 270 269 271 268; 261 265 263 267 264; 253 260 262 258 257; 250 255 256 251 259; 247 252 254 248 249; 238 246 240 242 245; 229 243 244 239 241; 225 236 235 234 237; 224 233 232 228 231; 221 223 227 226 230; 208 214 222 216 219; 212 218 220 213 217; 206 210 207 209 215; 199 211 203 202 200; 197 205 204 198 201; 188 196 195 194 192; 181 191 190 187 189; 183 186 193 185 184; 176 179 180 178 182; 167 173 177 175 174; 166 172 171 169 168; 161 163 164 170 165; 155 159 162 160 157; 151 153 156 152 158; 145 150 149 147 154; 142 148 144 146 143; 136 140 138 137 139; 131 134 135 141 133; 121 127 132 130 129; 118 126 124 128 125; 114 123 120 122 115; 109 111 116 113 117; 106 110 119 112 108; 95 105 107 104 103; 98 102 101 100 99; 85 92 96 93 97; 88 89 94 91 90; 80 86 84 81 83; 77 87 79 82 78; 70 72 74 76 75; 67 69 71 68 73; 60 65 64 63 62; 52 58 59 61 66; 48 51 56 57 55; 44 46 54 53 50; 41 45 49 47 43; 35 40 37 42 39; 30 36 34 33 38; 26 28 32 29 31; 12 20 19 27 16; 18 23 25 21 24; 13 15 22 14 17; 5 10 6 7 11; 2 9 4 8 3; 0 1
(Instance 251) 445 447 449 448 446; 440 444 443 442 441; 435 439 436 437 438; 430 433 432 434 431; 425 427 429 426 428; 420 424 423 422 421; 415 419 418 417 416; 410 414 412 413 411; 404 409 408 407 405; 400 401 406 403 402; 395 399 398 397 396; 389 394 393 392 391; 385 390 388 387 386; 379 384 381 383 382; 374 378 380 377 376; 370 373 375 372 371; 365 366 369 368 367; 359 364 362 363 361; 355 360 358 357 356; 347 351 354 353 352; 345 350 346 349 348; 340 342 344 343 341; 335 339 338 337 336; 330 334 333 331 332; 325 326 327 329 328; 319 324 323 322 321; 315 320 318 317 316; 310 313 314 312 311; 305 309 308 306 307; 300 303 304 302 301; 294 299 298 297 296; 290 291 293 292 295; 285 289 288 287 286; 279 284 283 282 281; 274 276 280 278 277; 270 272 271 273 275; 265 267 266 269 268; 260 263 264 262 261; 254 258 259 257 256; 250 255 252 251 253; 245 248 249 247 246; 240 243 242 244 241; 235 237 238 236 239; 229 234 233 232 230; 224 231 228 227 226; 220 225 223 221 222; 212 215 219 218 217; 210 216 214 213 211; 205 209 208 207 206; 199 201 204 202 203; 195 198 200 197 196; 190 191 194 193 192; 185 189 188 187 186; 179 184 183 182 181; 175 176 180 178 177; 169 172 174 171 173; 165 170 168 167 166; 160 162 164 161 163; 155 159 158 157 156; 150 154 153 152 151; 145 148 149 147 146; 140 144 142 143 141; 135 137 139 138 136; 128 134 133 132 129; 125 131 130 127 126; 120 124 123 121 122; 114 119 117 118 116; 108 111 115 113 112; 105 110 109 107 106; 98 104 103 102 101; 94 100 97 99 96; 90 92 95 91 93; 83 89 88 87 86; 80 85 84 82 81; 75 76 79 78 77; 69 71 74 73 72; 65 70 68 67 66; 58 62 64 61 63; 55 60 59 57 56; 50 54 53 52 51; 45 46 49 48 47; 40 44 43 42 41; 35 39 37 38 36; 28 34 33 31 29; 24 32 30 27 26; 20 25 23 22 21; 15 19 17 18 16; 8 14 12 13 11; 3 10 7 9 6; 2 5 4
(Instance 252) 0 1 7 6 5; 2 9 8
(Instance 253) 443 497 491 474 468; 142 489 488 496 485; 446 495 483 492 498; 461 469 486 490 487; 402 458 482 499 478; 351 467 480 476 481; 378 463 475 477 465; 186 493 484 472 464; 423 460 451 473 454; 416 452 453 479 445; 421 434 494 457 471; 418 466 422 450 455; 393 425 448 456 435; 154 433 470 447 405; 380 440 442 449 441; 294 459 462 444 436; 397 417 403 420 419; 413 437 414 430 427; 372 404 431 415 398; 252 426 391 432 428; 253 410 400 399 439; 343 429 409 438 390; 382 395 406 407 408; 315 394 389 370 369; 373 384 375 411 412; 339 358 396 401 377; 313 424 371 350 392; 300 365 386 381 360; 347 361 357 388 387; 265 359 354 385 342; 288 348 334 379 367; 119 368 366 356 383; 325 331 345 363 364; 236 337 376 355 344; 280 329 352 340 335; 241 321 374 316 318; 258 336 346 362 341; 179 333 311 324 327; 202 266 332 338 328; 279 319 353 312 349; 174 320 296 326 297; 133 304 322 317 310; 263 314 330 299 306; 164 302 290 323 293; 273 291 292 298 305; 210 289 309 307 295; 166 260 269 282 278; 217 247 286 276 308; 167 275 287 285 256; 49 271 277 303 301; 229 272 259 261 242; 230 251 284 281 254; 248 268 257 267 274; 169 240 206 264 270; 197 212 255 239 244; 82 235 228 232 262; 225 245 243 283 246; 11 220 250 207 249; 204 218 231 221 227; 108 175 237 213 216; 182 208 215 209 233; 100 224 205 226 219; 147 191 238 199 234; 96 201 198 168 211; 138 178 203 194 223; 54 222 195 188 185; 102 181 160 187 192; 99 176 196 184 190; 155 170 162 183 177; 124 180 171 131 189; 156 172 163 193 165; 98 158 149 144 150; 58 200 152 214 86; 116 159 173 157 141; 51 123 128 143 125; 132 151 146 139 135; 91 121 161 130 93; 46 127 111 148 109; 90 136 107 153 140; 67 105 137 129 80; 38 126 88 120 122; 9 115 33 117 118; 26 95 79 114 145; 89 97 106 134 113; 31 77 83 94 85; 35 110 78 81 72; 22 66 74 28 71; 20 103 92 101 69; 45 104 50 84 55; 12 63 44 40 30; 7 37 60 87 24; 27 112 52 36 75; 13 62 64 47 34; 10 29 42 73 43; 4 57 39 17 16; 1 68 2; 0 14
(Instance 254) 491 499 498 496 492; 489 495 493 494 497; 483 487 490 488 485; 480 484 482 481 486; 475 477 479 478 476; 470 474 473 472 471; 463 469 468 467 464; 460 465 466 462 461; 455 456 458 459 457; 443 448 449 453 452; 438 446 454 450 447; 440 441 451 445 444; 432 436 442 437 439; 428 430 434 435 433; 421 423 426 431 427; 416 424 429 425 419; 404 413 422 420 418; 407 411 417 414 415; 402 406 412 409 408; 395 396 405 410 398; 392 401 400 399 393; 389 403 397 394 391; 382 384 390 385 387; 376 388 383 378 386; 375 377 380 381 379; 370 371 372 374 373; 363 368 367 365 366; 356 369 362 364 360; 351 361 354 358 357; 348 355 359 352 350; 341 347 346 345 343; 340 349 353 342 344; 329 339 338 336 335; 330 331 337 334 332; 321 327 328 333 326; 318 320 322 323 325; 314 315 317 324 319; 309 316 313 311 312; 304 307 310 308 306; 300 305 303 302 301; 291 297 295 298 294; 287 299 288 293 296; 284 292 289 286 290; 280 281 285 283 282; 273 274 279 275 278; 269 270 277 272 276; 262 271 264 265 267; 258 266 263 261 268; 255 260 256 259 257; 247 253 254 250 252; 239 245 243 249 251; 235 242 244 241 237; 231 240 248 236 246; 207 232 238 230 233; 224 234 226 228 225; 221 227 229 223 222; 213 219 220 218 214; 208 215 216 210 217; 205 212 206 209 211; 196 203 198 204 200; 184 202 199 201 194; 190 192 191 195 197; 179 186 189 193 187; 180 181 188 183 185; 175 178 182 177 176; 169 173 174 170 172; 159 168 167 171 162; 160 163 166 164 165; 153 155 158 161 154; 150 151 157 156 152; 143 149 148 147 144; 136 140 146 142 137; 135 145 141 139 138; 128 133 130 129 134; 124 131 132 127 126; 119 123 125 120 122; 111 115 121 117 118; 110 112 116 114 113; 101 107 109 106 102; 98 100 108 103 104; 92 96 99 93 97; 90 91 105 94 95; 84 89 88 86 85; 78 87 83 79 80; 75 76 82 77 81; 62 73 72 64 74; 63 70 66 65 71; 60 69 68 61 67; 54 56 55 59 58; 46 57 53 48 51; 27 42 52 47 45; 38 49 40 50 43; 26 33 41 44 39; 32 36 35 34 37; 14 25 31 29 30; 21 24 28 23 22; 13 18 20 17 15; 5 12 19 16 9; 0 8 10 11 2; 1 7
(Instance 255) 121 122 123; 397 398 399; 46 47 48; 352 353 354; 190 191 192; 130 131 132; 19 20 21; 118 119 120; 70 71 72; 211 212 213; 103 104 105; 112 113 114; 76 77 78; 55 56 57; 238 239 240; 43 44 45; 13 14 15; 325 326 327; 382 383 384; 379 380 381; 355 356 357; 148 149 150; 358 359 360; 334 335 336; 316 317 318; 388 389 390; 331 332 333; 31 32 33; 61 62 63; 160 161 162; 58 59 60; 301 302 303; 115 116 117; 247 248 249; 208 209 210; 85 86 87; 286 287 288; 367 368 369; 67 68 69; 250 251 252; 196 197 198; 142 143 144; 157 158 159; 199 200 201; 10 11 12; 151 152 153; 232 233 234; 304 305 306; 244 245 246; 100 101 102; 277 278 279; 262 263 264; 217 218 219; 292 293 294; 91 92 93; 322 323 324; 172 173 174; 214 215 216; 22 23 24; 133 134 135; 337 338 339; 274 275 276; 169 170 171; 34 35 36; 127 128 129; 187 188 189; 226 227 228; 370 371 372; 4 5 6; 40 41 42; 163 164 165; 178 179 180; 25 26 27; 193 194 195; 268 269 270; 313 314 315; 259 260 261; 391 392 393; 328 329 330; 253 254 255; 16 17 18; 298 299 300; 139 140 141; 124 125 126; 376 377 378; 319 320 321; 52 53 54; 346 347 348; 184 185 186; 265 266 267; 289 290 291; 154 155 156; 220 221 222; 295 296 297; 202 203 204; 88 89 90; 235 236 237; 181 182 183; 349 350 351; 166 167 168; 49 50 51; 280 281 282; 310 311 312; 340 341 342; 145 146 147; 37 38 39; 73 74 75; 394 395 396; 97 98 99; 241 242 243; 229 230 231; 82 83 84; 94 95 96; 136 137 138; 1 2 3; 28 29 30; 307 308 309; 7 8 9; 223 224 225; 361 362 363; 373 374 375; 205 206 207; 106 107 108; 271 272 273; 79 80 81; 109 110 111; 283 284 285; 385 386 387; 256 257 258; 64 65 66; 364 365 366; 175 176 177; 343 344 345
(Instance 256) 416 446 431 422 419; 365 443 441 430 436; 313 438 440 414 444; 230 437 449 429 415; 219 428 445 447 426; 294 427 411 448 439; 72 402 406 418 400; 222 351 391 433 435; 347 370 423 424 384; 160 356 420 395 421; 315 410 442 407 334; 254 425 413 417 394; 342 366 349 393 405; 275 403 408 404 390; 66 434 330 401 432; 124 341 396 409 388; 187 387 299 380 369; 122 368 399 389 383; 295 367 362 412 375; 217 373 374 382 379; 192 354 381 385 343; 308 323 376 364 398; 102 340 253 357 345; 336 355 361 359 372; 314 392 353 358 360; 300 319 377 331 335; 220 363 307 378 328; 265 350 386 332 302; 259 317 266 333 326; 282 371 346 352 327; 231 289 344 316 337; 277 303 338 322 348; 284 298 324 397 297; 204 311 318 270 304; 278 310 306 321 325; 267 293 339 329 292; 223 305 256 261 290; 279 287 320 283 281; 175 268 291 263 269; 202 241 301 227 312; 246 276 296 273 250; 194 274 258 309 240; 97 235 257 198 243; 173 237 280 239 285; 191 271 248 199 286; 177 226 262 232 288; 193 264 255 213 234; 140 251 197 221 212; 64 260 245 224 233; 164 216 214 203 247; 195 210 244 272 206; 42 249 190 252 155; 104 189 238 209 151; 90 170 218 211 228; 149 200 188 208 178; 92 229 215 242 138; 107 171 132 207 162; 88 161 225 196 139; 101 163 153 236 186; 46 152 145 146 105; 99 165 156 179 143; 29 185 137 181 70; 57 182 176 127 95; 120 159 144 136 126; 108 125 205 201 172; 1 169 158 79 67; 31 115 123 135 116; 60 114 166 133 129; 86 118 131 94 167; 93 134 106 142 150; 63 112 113 141 80; 28 82 84 168 174; 32 58 110 154 35; 45 119 147 83 180; 10 148 100 98 121; 36 52 111 74 157; 9 128 183 130 87; 0 109 51 53 39; 24 103 50 68 75; 22 23 76 59 61; 38 65 44 73; 14 55 17 34 81; 16 69 54 43; 27 96 37 33 184; 11 25 26 18 47; 40 89 77 41; 7 71; 20 48; 21 62
(Instance 257) 335 336 337 338 339; 68 83 98 93 78; 99 499 479 459 399; 283 298 313 308 293; 360 361 362 363 364; 380 381 382 383 384; 270 271 272 273 274; 465 466 467 468 469; 25 26 27 28 29; 433 448 463 458 443; 260 261 262 263 264; 418 428 438 423; 330 331 332 333 334; 473 488 498 493 483; 23 38 53 48 33; 60 61 62 63 64; 190 191 192 193 194; 110 111 112 113 114; 40 41 42 43 44; 100 101 102 103 104; 343 358 373 368 353; 233 248 258 253 243; 315 316 317 318 319; 123 138 153 148 133; 375 376 377 378 379; 450 451 452 453 454; 239 299 359 279 259; 180 181 182 183 184; 140 141 142 143 144; 115 116 117 118 119; 345 346 347 348 349; 125 126 127 128 129; 165 166 167 168 169; 220 221 222 223 224; 0 1 2 3 4; 85 86 87 88 89; 210 211 212 213 214; 265 266 267 268 269; 160 161 162 163 164; 419 439; 228 238; 15 16 17 18 19; 323 328; 70 71 72 73 74; 5 6 7 8 9; 200 201 202 203 204; 408 413; 215 216 217 218 219; 205 206 207 208 209; 170 171 172 173 174; 105 106 107 108 109; 300 301 302 303 304; 285 286 287 288 289; 185 186 187 188 189; 175 176 177 178 179; 155 156 157 158 159; 195 196 197 198 199; 400 401 402 403 404; 10 11 12 13 14; 59 139 79; 393 398; 385 386 387 388 389
(Instance 258) 
(Instance 259) 0 3 4 1
(Instance 260) 
(Instance 261) 3 59 10 9 12
(Instance 262) 227 237 238 242 240; 160 163 166 169 168; 428 429 430 431; 73 74 75 76; 307 308 309 310 311; 398 399 400 401 402; 157 162 164 165 159; 262 263 264 265; 245 246 247 248 249; 113 116 115 117; 451 452 453 454; 455 456 457 458; 208 217 220 218 219; 139 144 145 140 146; 318 319; 494 495 496 497 498; 275 276 277 278; 135 143 136 142 141; 3 4; 285 286 299 300; 489 490 491 492 493; 130 138 133 134 137; 153 155 161 158 156; 70 71; 216 222; 416 417 418 419; 209 210 215; 468 469 470 471 472; 476 477 478 479; 106 108; 15 16 18; 432 433 435 436; 343 357 354 358 356; 100 102 103 104; 126 129 128; 201 202 203 204 205; 17 20; 344 350 353 346 352; 228 239 232 235; 326 327 328 329; 148 154 151 150; 466 467; 484 485 486 487; 336 337 338 339 341; 51 52 53 54; 420 421; 312 313 314 315; 316 317; 342 349 351 348 347; 365 370; 107 111; 320 321 322 323 324; 250 251 252; 118 119 120 121 122; 191 192 193 194; 43 44 45 46; 269 270; 10 19; 64 65 66 67 68; 441 442; 24 25 26 27 28; 231 241 236; 377 378 379 380 381; 412 413 414 415; 29 30; 77 78 79 80 85; 229 230 233 243; 443 444; 266 267 268; 6 7 8 9; 392 393; 125 132; 273 274; 302 303 304 305 306; 47 48 49 50; 105 109; 394 395 396 397; 206 207; 41 42; 473 474; 271 272
(Instance 263) 
(Instance 264) 421 487 496 472 490; 471 486 489 499 497; 168 482 495 459 498; 374 483 452 493 488; 406 468 480 467 484; 295 464 458 466 469; 441 491 465 492 479; 370 463 478 473 485; 350 476 477 451 475; 198 481 457 474 494; 389 455 449 460 461; 422 456 446 435 445; 399 462 436 432 443; 177 428 440 470 453; 336 439 454 448 423; 388 418 413 434 444; 237 387 450 398 442; 395 424 430 407 419; 368 417 416 429 427; 401 447 431 437 426; 317 411 415 433 397; 377 392 400 391 379; 381 438 383 425 384; 371 382 404 420 414; 218 359 403 412 410; 50 348 369 366 393; 229 373 344 405 390; 276 364 380 409 408; 352 385 353 376 402; 190 361 351 367 396; 211 355 386 360 378; 347 363 362 394 358; 191 343 339 356 345; 319 330 365 337 331; 247 341 332 305 324; 315 321 326 375 335; 164 349 372 334 346; 259 310 316 329 314; 26 303 323 320 340; 135 301 342 292 328; 200 318 309 307 338; 222 306 297 313 267; 241 322 300 294 333; 280 293 311 286 312; 275 299 308 325 291; 199 289 284 302 296; 146 263 354 269 283; 160 262 327 274 357; 74 270 264 298 288; 255 304 277 271 258; 188 245 240 282 272; 193 266 287 254 279; 187 249 260 281 231; 161 230 278 265 250; 152 243 217 257 261; 197 285 253 290 252; 59 248 219 251 242; 157 215 214 232 224; 124 268 244 223 234; 184 239 221 189 256; 38 207 235 238 208; 179 204 186 213 246; 141 233 212 225 228; 15 236 216 183 206; 172 176 273 220 196; 67 226 209 227 210; 2 136 185 158 173; 33 159 169 170 202; 139 175 195 201 194; 27 121 144 181 130; 116 132 174 165 178; 34 192 122 151 182; 58 143 156 171 155; 100 154 203 180 167; 43 166 163 140 149; 118 142 131 137 205; 90 147 127 148 125; 25 145 105 126 162; 88 150 120 104 129; 109 134 117 128 110; 42 138 153 114 78; 12 113 123 111 115; 76 119 99 98 85; 46 55 133 61 106; 86 102 107 95 89; 4 14 97 108 82; 21 70 75 112 79; 66 101 96 69 91; 7 94 18 64 73; 45 80 47 54 92; 13 71 57 53 28; 51 87 84 103 93; 9 39 48 35 11; 29 65 72 81 30; 10 19 77 36 40; 6 41 22 44 68; 23 31 32 63; 24 52; 1 56 5 8 20
(Instance 265) 493 498 499 497 496; 490 492 495 494 491; 485 486 487 488 489; 480 483 484 482 481; 475 479 478 477 476; 470 474 473 472 471; 464 469 468 466 467; 460 465 462 463 461; 453 457 456 459 458; 450 455 454 452 451; 445 449 448 447 446; 440 444 443 442 441; 435 439 438 437 436; 430 434 433 432 431; 425 427 426 429 428; 420 424 423 422 421; 414 417 416 419 418; 410 415 413 412 411; 402 407 406 409 408; 400 405 404 403 401; 395 399 398 397 396; 389 394 391 393 392; 385 388 390 387 386; 380 384 382 383 381; 374 379 378 377 376; 369 371 375 373 372; 365 368 370 367 366; 360 364 363 362 361; 355 357 356 358 359; 350 353 354 352 351; 343 345 349 348 346; 339 347 344 342 341; 333 335 340 338 334; 325 331 337 336 332; 326 330 329 328 327; 319 321 324 323 322; 315 318 320 317 316; 309 314 313 312 311; 305 306 307 310 308; 300 304 303 302 301; 295 299 298 297 296; 290 291 294 292 293; 284 289 288 287 285; 278 280 286 281 283; 274 282 279 277 276; 269 273 272 275 270; 265 267 266 271 268; 258 263 264 262 259; 254 260 261 257 256; 246 253 249 251 255; 245 250 252 248 247; 237 243 244 242 240; 235 241 238 239 236; 230 231 234 233 232; 225 229 228 226 227; 218 223 222 224 220; 213 215 219 217 221; 210 214 216 212 211; 203 209 208 206 207; 199 204 205 201 200; 194 202 198 197 196; 190 191 195 193 192; 185 189 188 187 186; 180 184 183 182 181; 174 178 179 175 177; 170 176 173 172 171; 165 168 169 167 166; 160 164 163 162 161; 154 158 159 157 156; 150 155 153 152 151; 145 149 148 147 146; 140 142 144 143 141; 135 136 137 139 138; 130 133 132 134 131; 124 129 128 127 126; 120 125 122 123 121; 115 118 119 117 116; 110 113 112 114 111; 105 107 106 109 108; 97 103 104 102 101; 94 96 100 99 98; 89 93 95 91 90; 84 92 88 87 86; 80 85 83 82 81; 74 79 78 76 75; 69 77 72 73 71; 65 67 66 70 68; 60 64 63 62 61; 55 58 59 57 56; 50 51 54 53 52; 44 49 48 47 45; 40 41 43 42 46; 35 39 38 37 36; 29 34 33 32 30; 22 28 31 27 26; 18 23 21 25 24; 15 19 16 20 17; 10 14 13 12 11; 5 9 8 7 6; 3 4; 0 2 1
(Instance 266) 84 185 182 189 166; 137 198 180 190 195; 136 188 186 183 150; 107 179 181 191 177; 164 176 178 193 197; 159 194 199 196 184; 142 171 168 174 187; 130 140 175 163 160; 89 158 161 153 173; 96 170 165 129 172; 117 155 169 144 135; 133 141 156 145 167; 128 146 157 152 148; 82 134 151 138 154; 51 131 192 147 139; 101 109 125 132 143; 104 111 127 124 162; 31 88 118 122 113; 76 85 116 77 93; 78 80 126 120 99; 6 112 91 123 68; 69 119 106 115 92; 23 54 114 102 100; 42 90 87 65 149; 56 58 66 98 95; 70 110 73 86 83; 13 71 38 72 79; 33 55 81 49 41; 39 60 44 108 59; 14 74 15 121 64; 45 63 57 94 47; 35 67 75 50 53; 18 27 37 48 46; 0 34 103 105 25; 3 36 97 52 32; 2 24 17 4 11; 10 22; 7 8 62 9; 16 61 28 19
(Instance 267) 90 96 99 98 97; 87 92 95 94 93; 80 91 89 88 86; 79 84 85 83 81; 74 77 78 82 76; 66 70 75 73 72; 65 68 71 67 69; 59 60 63 64 62; 52 56 61 55 58; 50 54 53 57 51; 43 44 48 49 47; 40 45 42 46 41; 34 36 38 37 39; 29 33 30 32 35; 24 31 28 27 26; 18 21 19 25 23; 14 22 20 17 15; 10 16 12 13 11; 5 8 9 6 7; 0 3 4 2 1

(Instance 269) 140 155 159 156 158; 148 157 150 154 153; 142 151 149 152 147; 137 145 146 144 143; 131 133 141 139 138; 126 136 130 135 129; 112 124 132 134 128; 116 127 123 119 125; 115 120 117 122 121; 109 110 114 113 111; 101 104 108 118 106; 97 99 103 107 105; 91 94 102 100 95; 87 93 98 96 92; 82 85 90 89 86; 79 83 88 81 84; 75 76 78 77 80; 69 72 70 74 73; 53 66 71 67 68; 61 64 62 63 65; 46 60 59 58 57; 48 56 49 55 52; 43 45 44 50 54; 39 41 47 42 51; 35 36 37 38 40; 26 29 34 32 33; 21 24 27 31 28; 17 19 30 22 25; 15 23 18 20 16; 8 10 14 11 13; 5 9 7; 1 6 4 3
(Instance 270) 196 496 454 463 448; 425 497 434 485 491; 254 498 467 499 495; 399 480 488 481 457; 126 461 489 479 431; 219 476 487 484 478; 329 477 459 492 483; 440 455 482 456 464; 384 460 493 494 472; 277 445 423 486 413; 5 438 462 475 335; 139 443 418 471 490; 342 469 446 447 426; 239 458 452 473 376; 278 468 403 401 436; 374 451 405 420 474; 189 437 453 450 356; 24 414 444 430 353; 236 465 366 428 387; 296 389 442 449 345; 241 429 466 412 386; 177 411 422 381 408; 310 433 368 435 406; 315 416 424 400 404; 306 367 380 372 391; 4 397 385 346 351; 319 470 388 332 419; 158 371 339 383 317; 187 393 340 382 421; 269 363 375 395 299; 192 318 394 409 417; 297 402 379 410 364; 111 441 312 365 432; 36 343 303 362 326; 235 415 359 336 330; 26 268 390 349 341; 250 287 398 275 361; 148 334 292 333 251; 200 373 354 348 396; 309 314 323 350 352; 228 238 308 407 320; 157 369 327 357 301; 266 311 337 355 358; 286 293 360 378 328; 284 288 338 291 300; 222 274 263 316 273; 248 321 427 313 272; 182 245 281 259 244; 140 347 370 439 280; 218 344 256 325 283; 163 392 226 276 164; 100 262 324 240 211; 79 234 261 285 210; 146 201 304 377 322; 49 212 307 295 209; 113 184 227 260 294; 77 99 237 267 232; 229 271 253 279 249; 95 215 220 206 174; 42 202 305 257 243; 135 205 198 171 154; 28 131 233 290 168; 32 255 170 252 191; 173 242 176 298 282; 127 186 230 223 194; 115 302 217 144 122; 151 216 221 167 183; 46 258 190 231 175; 9 204 114 155 123; 87 203 270 214 137; 81 264 246 150 97; 3 132 105 225 109; 82 134 172 106 153; 83 94 178 130 116; 84 331 289 181 180; 102 112 213 120 185; 51 98 207 101 160; 89 104 161 169 142; 69 143 197 72 138; 2 16 47 208 179; 22 145 195 149 108; 13 199 27 103 193; 8 20 93 166 35; 11 78 44 188 141; 66 121 76 125 159; 85 118 129 152 133; 37 63 50 71 43; 0 96 6 40 117; 14 74 61 33 156; 18 147 136 110 92; 25 54 29 165; 23 34 91 70; 17 80 90 60 86; 31 52 45 124
(Instance 271) 365 396 398 397 399; 334 390 388 392 393; 381 387 386 382 385; 257 389 384 368 367; 130 356 383 395 391; 360 377 376 380 363; 285 358 364 394 362; 164 370 350 354 379; 313 378 357 375 374; 161 351 369 345 373; 335 359 355 371 336; 319 352 353 342 349; 297 347 341 330 346; 308 324 372 338 348; 189 337 323 339 343; 104 315 326 327 329; 268 320 322 340 318; 299 361 311 312 301; 294 366 296 295 344; 198 321 333 332 314; 291 292 328 305 306; 235 275 283 272 331; 244 300 287 325 266; 155 310 303 309 267; 179 286 317 316 284; 221 261 278 304 271; 274 288 290 277 298; 232 259 289 273 276; 225 293 279 269 280; 252 302 262 270 260; 214 224 256 264 254; 220 248 281 253 263; 240 251 247 243 258; 146 250 245 238 219; 99 246 255 307 239; 201 215 234 230 211; 122 226 231 229 265; 144 282 237 213 223; 148 227 241 236 222; 139 218 249 228 203; 120 212 233 207 242; 121 206 174 216 170; 107 194 217 209 210; 169 199 192 195 208; 173 204 188 205 197; 109 163 202 180 181; 175 178 191 184 186; 154 193 172 162 165; 147 153 187 168 151; 106 145 158 185 149; 141 166 200 160 177; 19 171 167 137 156; 129 136 132 176 131; 52 183 182 190 196; 6 157 152 159 150; 116 140 119 143 128; 95 113 142 134 133; 67 93 135 117 127; 100 115 112 118 138; 49 83 124 125 126; 88 105 91 114 108; 4 102 103 101 78; 59 92 96 84 87; 7 110 86 97 89; 73 79 85 111 80; 43 82 72 123 81; 58 77 64 94 90; 38 65 61 71 53; 62 70 76 75 69; 42 98 74 57 47; 2 68 60 55 40; 8 41 51 66 54; 21 39 35 44 27; 5 11 46 56 30; 16 37 31 32 36; 3 14 18 34 45; 1 28 23 12 10; 20 24 25 33; 0 63
(Instance 272) 0 5 6; 1 7 8; 2 9 10; 4 13 14; 3 11 12
(Instance 273) 138 491 488 493 494; 456 499 496 497 473; 94 477 490 465 495; 412 482 480 469 484; 410 481 489 461 472; 262 459 464 483 486; 449 463 462 485 471; 447 487 466 457 450; 437 470 460 479 458; 144 441 498 453 478; 269 448 435 451 442; 298 455 432 468 492; 191 431 446 474 467; 413 417 476 443 445; 389 440 439 436 438; 404 425 452 444 428; 344 422 434 420 430; 311 407 475 418 416; 313 433 411 369 427; 379 408 426 424 421; 355 406 400 409 415; 387 392 414 396 398; 332 419 454 423 402; 212 365 401 395 403; 277 399 405 382 390; 233 385 377 372 429; 310 384 393 386 376; 217 378 383 371 370; 264 354 375 388 368; 338 397 391 361 358; 280 394 381 364 374; 314 357 366 380 330; 257 322 367 353 352; 323 348 350 349 363; 316 331 327 373 346; 304 339 326 329 359; 288 360 343 342 318; 260 325 333 347 335; 182 324 362 351 306; 319 341 337 321 340; 282 317 283 336 315; 276 285 296 307 345; 120 272 294 334 297; 75 293 301 292 303; 150 259 295 320 328; 82 237 284 287 299; 108 256 356 300 268; 252 290 261 291 312; 234 241 278 249 286; 183 248 253 254 275; 149 274 258 270 273; 232 305 267 309 271; 247 279 266 302 289; 240 263 265 246 308; 196 255 236 235 218; 101 243 244 238 250; 41 219 220 225 230; 173 228 245 223 239; 92 226 189 213 215; 193 211 222 231 210; 175 204 201 242 281; 168 202 229 194 227; 59 186 224 251 221; 3 166 195 192 216; 114 203 197 207 200; 77 156 179 209 214; 103 159 172 177 190; 62 170 169 157 208; 121 205 187 134 164; 64 165 188 167 171; 46 174 178 160 206; 143 151 152 155 148; 127 136 185 163 137; 33 199 180 140 100; 112 126 125 133 176; 131 162 158 161 198; 19 115 132 99 110; 105 154 111 135 147; 74 146 181 130 117; 29 128 109 139 116; 49 124 142 113 55; 58 89 96 122 141; 8 123 145 102 69; 11 91 87 153 95; 51 107 129 88 67; 28 84 72 119 81; 17 184 90 80 76; 43 93 57 85 70; 50 73 118 66 54; 24 52 86 97 83; 9 65 34 56 68; 6 44 98 60 38; 5 37 104 35 71; 20 79 63 61 106; 27 53 40 32 30; 13 22 26 18 47; 12 39 25 15 48; 16 31 78
(Instance 274) 242 247 249 248 246; 236 245 239 244 241; 232 243 240 238 234; 227 231 237 233 235; 223 230 226 229 228; 217 221 225 224 220; 213 216 222 219 218; 202 209 211 214 212; 205 210 215 207 206; 196 203 208 204 199; 194 198 200 201 197; 187 195 192 189 190; 181 193 191 186 185; 178 188 180 179 183; 172 176 177 182 184; 170 171 175 174 173; 163 165 168 169 166; 157 164 161 167 160; 155 162 156 158 159; 148 154 153 151 152; 143 150 149 147 144; 140 145 141 146 142; 130 139 137 136 135; 128 133 132 138 134; 120 129 131 127 125; 115 117 126 124 123; 114 118 122 121 119; 109 113 116 111 112; 104 108 110 107 105; 97 106 100 103 99; 94 96 102 101 98; 89 93 91 95 92; 82 88 90 87 85; 75 81 86 84 83; 74 76 80 79 78; 66 69 73 70 72; 65 68 67 71 77; 59 60 64 62 61; 55 58 63 56 57; 48 50 54 53 52; 45 51 49 47 46; 34 42 44 43 39; 35 41 37 40 38; 23 30 33 36 31; 20 32 29 27 28; 17 24 25 26 22; 13 21 18 19 15; 9 10 16 14 12; 4 6 8 7 11; 0 5
(Instance 275) 292 296 299 297 298; 290 295 294 291 293; 284 287 289 288 286; 279 285 281 283 282; 273 280 278 277 275; 270 274 276 272 271; 263 268 267 266 269; 259 262 265 264 261; 255 258 257 256 260; 250 254 253 251 252; 244 245 249 248 246; 240 242 243 247 241; 234 239 238 237 236; 229 231 235 233 232; 224 230 228 227 226; 217 225 219 223 222; 215 221 218 220 216; 210 214 213 212 211; 203 207 208 209 205; 195 200 206 204 202; 194 196 199 201 198; 187 197 193 192 191; 185 186 189 190 188; 178 184 182 183 181; 174 179 180 176 177; 170 172 171 173 175; 164 169 168 167 165; 155 162 166 163 161; 154 157 159 160 156; 150 158 151 153 152; 143 145 147 149 148; 137 144 146 141 140; 133 142 138 136 135; 130 132 139 134 131; 125 128 127 129 126; 119 121 123 124 122; 112 115 120 118 116; 104 117 113 114 111; 106 110 109 108 107; 96 101 102 105 103; 95 100 99 98 97; 88 91 94 93 92; 83 86 90 89 87; 80 85 84 82 81; 72 79 77 76 78; 69 75 74 73 71; 62 70 68 67 66; 59 65 63 64 60; 53 58 61 57 56; 47 50 55 54 51; 43 52 48 46 45; 40 49 44 42 41; 33 37 39 36 38; 28 29 34 32 35; 24 31 27 30 26; 19 21 25 23 22; 14 20 18 17 16; 10 15 13 12 11; 3 9 8 6 7; 0 5 2 4 1
(Instance 276) 486 497 495 498 494; 489 490 496 493 492; 481 487 491 484 488; 473 479 485 482 480; 472 483 478 477 474; 460 468 469 476 471; 457 464 470 467 466; 461 463 475 465 462; 452 456 453 459 458; 433 448 446 454 455; 444 447 451 450 449; 439 440 445 442 441; 431 438 436 443 437; 429 435 434 432 430; 419 427 425 426 428; 415 422 423 424 420; 412 418 421 416 414; 409 410 417 413 411; 401 405 407 408 406; 396 402 404 398 403; 393 400 395 397 394; 388 392 391 390 389; 383 386 399 384 387; 377 381 385 382 379; 365 374 376 375 378; 369 373 380 372 371; 359 362 363 367 368; 350 361 366 364 370; 354 358 360 356 357; 348 355 353 349 352; 339 344 345 347 351; 331 338 346 343 342; 332 340 341 337 336; 327 335 334 333 328; 324 325 330 329 326; 318 323 320 322 321; 313 319 315 317 316; 302 314 309 312 307; 303 310 304 311 308; 298 299 305 306 300; 289 295 301 292 296; 288 290 294 291 297; 282 285 284 283 293; 277 287 286 279 281; 268 276 278 275 273; 265 280 272 274 266; 263 269 267 270 271; 257 264 259 260 262; 244 255 258 256 261; 249 254 253 252 250; 234 247 248 251 240; 238 243 245 246 242; 233 235 239 241 236; 226 237 231 232 230; 223 229 227 228 225; 216 221 220 222 217; 211 219 224 218 213; 207 209 215 212 214; 202 206 210 203 204; 196 199 208 205 201; 191 194 200 197 195; 189 190 193 192 198; 184 186 185 187 188; 179 183 182 181 180; 173 174 178 177 176; 169 171 175 172 170; 160 168 167 162 161; 158 166 165 163 159; 154 155 156 164 157; 138 152 153 150 151; 137 147 148 146 149; 136 145 142 144 139; 127 140 135 143 141; 129 133 134 132 130; 123 124 131 128 126; 117 120 125 121 122; 106 115 116 118 119; 109 114 111 113 112; 104 107 105 108 110; 89 101 102 98 103; 94 95 97 100 99; 87 91 90 96 93; 81 84 85 92 88; 72 80 86 83 82; 70 73 79 76 77; 68 78 74 71 75; 61 69 66 65 67; 56 64 59 60 63; 53 62 55 54 57; 44 50 51 58 49; 42 45 52 47 48; 38 41 43 46 40; 34 36 37 35 39; 26 29 33 28 32; 22 30 31 27 24; 18 21 23 20 25; 12 19 16 15 14; 5 17 9 13 10; 2 6 11 4; 3 7; 0 8
(Instance 277) 
(Instance 278) 130 132 136 140 144; 296 297 298 299; 434 436 440 444 448; 162 164 168 172 176; 386 388 392 396 400; 18 20 24 28 32; 120 121 122 123; 306 308 312 316 320; 260 261 262 263; 284 285 286 287; 180 181 182 183; 300 301 302 303; 146 148 152 156 160; 412 413 414 415; 242 244 248 252 256; 92 93 94 95; 0 4 8 12 16; 272 273 274 275; 464 465 466 467; 226 228 232 236 240; 348 349 350 351; 352 353 354 355; 332 333 334 335; 476 477 478 479; 216 217 218 219; 428 429 430 431; 34 36 40 44 48; 196 197 198 199; 368 369 370 371; 112 113 114 115; 468 469 470 471; 96 97 98 99; 108 109 110 111; 268 269 270 271; 356 357 358 359; 472 473 474 475; 404 405 406 407; 88 89 90 91; 280 281 282 283; 208 209 210 211; 292 293 294 295; 276 277 278 279; 116 117 118 119; 192 193 194 195; 288 289 290 291; 364 365 366 367; 76 77 78 79; 124 125 126 127; 84 85 86 87; 324 325 326 327; 460 461 462 463; 264 265 266 267; 50 52 56 60 64; 452 453 454 455; 372 373 374 375; 104 105 106 107; 424 425 426 427; 204 205 206 207; 420 421 422 423; 80 81 82 83; 220 221 222 223; 340 341 342 343; 344 345 346 347; 380 381 382 383; 188 189 190 191; 184 185 186 187; 212 213 214 215; 328 329 330 331; 72 73 74 75; 68 69 70 71; 200 201 202 203; 360 361 362 363; 376 377 378 379; 336 337 338 339; 408 409 410 411; 416 417 418 419; 456 457 458 459; 100 101 102 103
(Instance 279) 332 483 496 488 489; 194 492 495 493 481; 451 491 490 486 498; 283 479 470 497 467; 368 442 460 466 450; 472 484 494 478 499; 369 464 469 454 455; 402 468 487 480 423; 237 465 433 477 448; 346 475 427 471 349; 379 476 459 485 419; 366 463 409 426 428; 184 438 436 435 461; 246 452 390 456 449; 147 422 482 416 445; 191 437 389 457 474; 18 424 439 447 453; 62 420 396 444 392; 333 440 446 411 431; 30 434 441 425 404; 327 421 395 398 370; 157 401 364 412 403; 75 397 458 361 432; 294 406 407 405 417; 259 473 358 430 418; 169 373 351 408 382; 267 394 360 326 289; 330 354 388 357 385; 272 462 429 359 343; 355 414 380 415 363; 141 413 386 371 322; 224 365 393 400 443; 183 356 387 282 383; 242 315 391 367 377; 196 338 325 378 335; 255 345 410 399 296; 228 337 319 374 312; 198 348 274 303 384; 299 344 350 372 318; 98 375 313 331 218; 4 298 352 323 292; 173 334 376 249 340; 99 284 381 305 336; 32 273 353 268 328; 116 316 339 295 270; 109 310 306 301 300; 197 286 277 341 266; 226 275 297 256 362; 123 291 342 253 321; 107 279 280 302 309; 240 311 304 307 257; 122 287 308 317 205; 221 261 290 285 293; 100 216 329 281 263; 11 200 314 276 320; 73 219 271 324 222; 210 269 347 238 215; 25 254 204 244 245; 89 288 236 264 229; 59 258 248 241 262; 131 160 225 199 209; 166 195 206 202 251; 65 143 220 208 185; 69 223 186 278 179; 162 247 250 234 231; 170 230 174 260 233; 6 138 83 243 211; 193 212 239 214 207; 171 192 265 252 232; 129 190 203 180 189; 133 167 158 178 155; 48 164 187 168 126; 51 140 149 156 235; 8 176 227 175 145; 5 182 181 142 148; 79 201 117 165 92; 55 154 127 81 112; 67 93 76 135 153; 33 125 118 124 151; 46 101 96 213 161; 45 104 152 163 128; 74 84 150 121 134; 97 144 217 106 119; 0 58 110 111 108; 90 137 188 115 114; 14 88 91 21 87; 60 136 72 120 146; 24 102 56 38 35; 2 77 159 177 43; 10 12 36 85 26; 47 80 132 86 68; 19 103 71 172 57; 15 42 28 95 139; 27 66 78; 1 41 22 13 37; 50 63 64
(Instance 280) 495 499 498 497 496; 490 494 493 492 491; 485 489 488 487 486; 480 484 483 482 481; 475 479 478 477 476; 470 474 473 472 471; 465 469 468 467 466; 460 464 463 462 461; 455 459 458 457 456; 450 454 453 452 451; 445 449 448 447 446; 440 444 443 442 441; 435 439 438 437 436; 430 434 433 432 431; 425 429 428 427 426; 420 424 423 422 421; 415 419 418 417 416; 410 414 413 412 411; 405 409 408 407 406; 400 404 403 402 401; 395 399 398 397 396; 390 394 393 392 391; 385 389 388 387 386; 380 384 383 382 381; 375 379 378 377 376; 370 374 373 372 371; 365 369 368 367 366; 360 364 363 362 361; 355 359 358 357 356; 350 354 353 352 351; 345 349 348 347 346; 340 344 343 342 341; 335 339 338 337 336; 330 334 333 332 331; 325 329 328 327 326; 320 324 323 322 321; 315 319 318 317 316; 310 314 313 312 311; 305 309 308 307 306; 300 304 303 302 301; 295 299 298 297 296; 290 294 293 292 291; 285 289 288 287 286; 280 284 283 282 281; 275 279 278 277 276; 270 274 273 272 271; 265 269 268 267 266; 260 264 263 262 261; 255 259 258 257 256; 250 254 253 252 251; 245 249 248 247 246; 240 244 243 242 241; 235 239 238 237 236; 230 234 233 232 231; 225 229 228 227 226; 220 224 223 222 221; 215 219 218 217 216; 210 214 213 212 211; 205 209 208 207 206; 200 204 203 202 201; 195 199 198 197 196; 190 194 193 192 191; 185 189 188 187 186; 180 184 183 182 181; 175 179 178 177 176; 170 174 173 172 171; 165 169 168 167 166; 160 164 163 162 161; 155 159 158 157 156; 150 154 153 152 151; 145 149 148 147 146; 140 144 143 142 141; 135 139 138 137 136; 130 134 133 132 131; 125 129 128 127 126; 120 124 123 122 121; 115 119 118 117 116; 110 114 113 112 111; 105 109 108 107 106; 100 104 103 102 101; 95 99 98 97 96; 90 94 93 92 91; 85 89 88 87 86; 80 84 83 82 81; 75 79 78 77 76; 70 74 73 72 71; 65 69 68 67 66; 60 64 63 62 61; 55 59 58 57 56; 50 54 53 52 51; 45 49 48 47 46; 40 44 43 42 41; 35 39 38 37 36; 30 34 33 32 31; 25 29 28 27 26; 20 24 23 22 21; 15 19 18 17 16; 10 14 13 12 11; 5 9 8 7 6; 1 4 3 2
(Instance 281) 
(Instance 282) 491 499 498 497 495; 482 485 494 493 496; 486 492 490 487 488; 475 481 489 484 483; 471 479 477 473 478; 464 470 476 480 468; 453 462 458 472 474; 461 469 467 466 465; 451 460 457 456 452; 449 463 454 459 455; 437 446 450 448 447; 434 440 445 444 439; 431 433 438 442 441; 430 443 435 436 432; 423 426 427 425 428; 415 429 420 419 422; 413 417 421 424 418; 406 416 412 414 411; 397 401 410 408 409; 399 405 407 402 400; 395 403 396 404 398; 388 389 394 393 390; 385 386 387 391 392; 376 379 383 382 384; 372 381 380 378 375; 370 374 373 371 377; 364 366 368 369 365; 350 363 367 362 360; 353 359 357 358 361; 346 356 352 355 351; 341 354 349 345 343; 338 348 347 344 340; 335 336 342 337 339; 312 330 333 334 332; 321 325 329 324 331; 319 327 323 326 322; 313 314 320 328 318; 303 310 317 316 315; 302 311 308 306 309; 298 301 307 304 299; 293 295 305 300 296; 283 288 297 290 294; 282 292 286 289 284; 274 291 281 287 276; 272 280 279 285 273; 265 268 278 277 275; 259 264 271 270 267; 258 263 261 262 269; 254 266 260 256 255; 245 257 252 250 251; 244 247 249 253 248; 238 246 243 242 241; 234 237 239 240 236; 229 235 230 231 232; 222 226 233 228 227; 219 221 225 223 224; 212 218 217 220 215; 208 211 216 214 209; 203 210 207 213 204; 199 202 205 206 201; 191 193 198 194 200; 181 190 197 192 196; 186 195 187 188 189; 178 182 184 185 183; 175 179 180 177 176; 168 174 172 173 171; 164 166 170 169 167; 157 159 162 165 161; 153 155 163 160 156; 142 154 158 152 149; 144 146 145 150 151; 138 140 141 148 147; 132 137 136 143 139; 129 135 134 133 131; 123 127 126 128 124; 115 130 125 122 119; 114 121 120 116 117; 107 118 110 112 113; 102 111 106 108 109; 97 105 104 103 101; 93 96 99 98 100; 86 95 94 90 92; 80 91 87 88 81; 71 84 89 85 82; 75 83 79 77 78; 69 74 72 76 73; 61 68 70 67 63; 59 62 65 64 66; 46 53 58 60 57; 50 56 51 54 52; 43 55 47 48 49; 36 45 42 44 41; 33 35 39 40 38; 29 31 30 37 34; 25 27 32 28 26; 17 21 24 19 22; 11 13 20 23 18; 10 14 12 15 16; 4 7 8 9 6; 0 2 5 1 3
(Instance 283) 174 195; 160 186; 67 72 98 125 104; 162 180; 107 119; 112 147; 62 182; 39 94; 89 120; 46 145; 110 161; 116 175; 48 126 70 144 58; 71 127 148 99; 181 194; 166 173; 183 191; 150 165; 168 171; 84 103; 140 199; 15 187; 121 190; 189 192; 95 122; 68 133; 77 156; 4 176; 141 152; 74 188; 42 117; 11 100; 32 153; 143 193; 17 56; 129 197 139 130; 65 149; 90 154; 142 163; 79 146; 75 135; 57 102; 16 92; 51 105; 109 179; 91 128; 35 80; 13 86; 64 101; 36 83; 123 170; 118 137; 49 82; 59 124; 53 81; 24 26; 113 155; 85 108; 28 66; 54 93; 37 151; 10 30; 19 159; 12 14
(Instance 284) 489 494 498 499 490; 463 487 496 484 495; 415 480 486 497 478; 409 491 493 492 485; 455 474 482 479 473; 446 469 475 472 483; 464 477 488 468 471; 447 465 470 451 476; 443 444 462 467 461; 434 448 458 456 460; 405 454 450 481 466; 425 432 457 459 445; 418 437 435 441 423; 406 439 452 440 436; 385 427 453 442 424; 416 430 433 438 426; 414 422 421 449 428; 363 420 408 429 417; 394 412 413 407 411; 347 401 419 431 404; 391 410 398 402 395; 393 400 403 399 396; 348 377 392 384 390; 369 389 376 387 370; 343 358 383 380 388; 365 397 382 381 374; 334 368 379 355 372; 364 366 373 378 375; 323 351 386 371 357; 317 346 350 361 352; 313 349 360 359 367; 336 362 356 338 340; 325 337 344 339 341; 299 354 353 329 345; 315 333 326 342 332; 289 311 318 327 328; 297 335 322 306 331; 274 320 309 324 321; 241 316 330 314 319; 282 305 308 307 298; 280 303 304 302 301; 236 295 293 312 294; 277 292 310 296 290; 268 288 286 300 291; 254 283 279 275 285; 223 269 284 287 262; 263 267 281 271 272; 242 259 278 276 265; 247 266 270 264 256; 243 273 260 255 244; 239 257 252 250 261; 226 251 246 258 249; 233 253 234 240 245; 218 228 227 229 238; 197 221 213 224 230; 207 225 232 231 248; 206 214 212 217 220; 185 216 215 208 235; 202 211 209 222 219; 184 190 204 195 237; 128 201 210 205 198; 186 200 193 196 194; 179 180 203 182 191; 155 192 175 181 199; 168 173 189 176 174; 143 154 169 166 178; 152 188 171 164 159; 137 177 165 170 187; 145 172 161 183 163; 150 156 167 158 162; 144 157 160 153 149; 102 138 146 151 141; 131 148 140 135 132; 124 139 147 134 133; 115 123 122 125 120; 1 130 121 127 142; 86 107 118 116 110; 59 101 126 129 111; 103 117 106 112 136; 105 108 114 119 109; 76 104 88 113 98; 94 100 95 96 99; 75 97 87 89 82; 43 92 83 85 93; 42 63 81 79 91; 19 65 60 90 84; 39 67 70 78 68; 4 80 72 64 73; 36 77 54 74 62; 55 61 56 58 66; 32 51 46 50 53; 10 47 57 48 44; 5 71 69 52; 30 49 35 41 45; 22 24 29 37 33; 23 28 31 34 40; 6 38 27 26 11; 7 8 18 13 25; 2 16
(Instance 285) 0 9
(Instance 286) 102 310 379 423 132; 30 92 280 385; 154 428; 14 44 257 323 345; 83 253 109 331 463; 48 148 446 268 401; 89 406 136 412 128; 28 88 452 305 298; 26 387 125; 3 12 38 118 341; 2 9 31 95 115; 16 52 158 478; 13 42 130; 50 152 458
(Instance 287) 38 43 45 46 47; 35 48 44 40 41; 10 39 33 30 36; 25 31 42 28 29; 15 34 20 26 37; 5 21 32 23 24; 8 18 13 19 14; 0 16 49
(Instance 288) 103 457 483 475 445; 388 442 461 409 438; 287 402 426 435 395; 340 448 466 464 476; 249 456 444 343 331; 396 488 458 430 450; 259 330 470 465 421; 359 401 481 429 459; 335 482 477 424 416; 268 381 471 272 453; 38 460 394 468 382; 238 472 428 447 433; 206 411 455 454 324; 244 284 423 479 486; 46 347 446 218 474; 207 252 399 380 485; 33 107 489 391 354; 311 322 425 480 345; 122 344 434 371 350; 186 413 369 441 478; 13 393 439 473 484; 179 339 467 360 213; 178 436 414 305 432; 89 462 291 351 392; 100 264 463 400 338; 189 348 408 356 283; 61 415 167 422 418; 171 407 469 385 299; 280 310 406 440 301; 329 341 451 353 443; 177 312 250 193 452; 3 320 156 405 74; 65 417 449 281 370; 221 337 437 366 410; 136 419 361 427 294; 194 226 384 403 295; 282 309 352 332 326; 86 431 342 365 357; 34 35 120 334 412; 0 82 278 397 275; 209 277 372 376 293; 58 325 98 349 377; 31 387 307 373 182; 197 306 255 230 285; 222 292 368 487 233; 253 286 358 390 321; 204 265 288 289 216; 175 276 279 327 241; 5 92 378 364 271; 90 240 302 266 237; 12 180 398 355 257; 140 319 374 379 346; 81 96 227 219 389; 56 245 170 243 383; 126 173 313 336 246; 63 202 248 235 333; 151 367 205 224 300; 42 109 290 296 317; 125 315 132 200 316; 41 260 124 270 267; 51 154 232 323 263; 28 32 328 303 157; 91 127 225 195 108; 130 234 196 256 215; 30 152 155 269 114; 10 25 104 84 188; 78 375 190 262 112; 129 134 386 131 176; 17 164 212 162 191; 101 183 149 119 192; 29 150 148 45 93; 55 139 76 298 87; 1 95 159 220 67; 20 24 21 85 73; 50 142 214 161 166; 48 181 97 106 203; 43 64 145 297 59
(Instance 289) 15 16 66 72; 7 77 73 18 45; 55 83; 23 89 43 68; 0 76 92 80; 27 39 85; 8 34 88
(Instance 290) 93 98 96 95 99; 86 87 90 97 94; 85 92 91 89 88; 80 81 82 83 84; 73 76 78 79 74; 69 75 77 72 70; 65 71 68 66 67; 57 63 64 61 59; 54 60 62 55 58; 46 52 53 51 47; 44 56 45 49 50; 39 42 43 41 40; 34 37 38 36 35; 24 29 48 33 30; 21 23 26 25 32; 17 20 27 31 22; 12 28 18 15 13; 4 11 19 8 10; 2 5 14 16 6; 0 3 9 1 7
(Instance 291) 493 499 494 496 498; 488 497 495 491 490; 484 492 486 485 487; 477 481 489 483 482; 472 474 480 478 479; 466 473 467 476 475; 463 465 470 471 468; 459 464 460 461 469; 452 454 462 458 457; 448 455 451 450 453; 444 449 456 447 446; 439 443 442 440 445; 435 441 438 436 437; 430 432 434 431 433; 422 429 424 427 425; 414 420 421 423 428; 411 412 426 419 418; 409 416 413 417 415; 402 410 408 407 404; 392 394 406 400 403; 396 398 399 397 401; 385 393 390 405 391; 376 389 388 387 384; 380 395 383 386 382; 372 381 377 378 374; 363 379 375 373 365; 366 369 367 371 370; 352 360 368 362 359; 351 355 364 357 356; 346 354 361 358 353; 344 350 349 348 345; 337 341 342 339 343; 331 338 333 347 336; 324 335 332 334 330; 322 326 328 340 329; 313 321 327 323 325; 308 316 319 320 318; 310 312 315 317 311; 302 307 309 303 306; 300 314 305 304 301; 293 299 296 297 298; 284 292 291 295 294; 283 290 288 289 286; 280 281 282 287 285; 275 277 276 278 279; 267 271 274 273 269; 261 270 272 266 268; 259 263 264 265 262; 251 257 260 255 253; 248 256 258 254 252; 243 246 249 247 250; 228 238 244 245 242; 235 236 237 241 240; 226 239 232 234 231; 223 224 233 230 225; 210 222 221 227 229; 209 218 219 214 220; 208 217 216 213 212; 203 204 207 215 211; 199 205 206 201 200; 195 196 198 202 197; 188 192 194 193 190; 177 183 191 184 189; 175 185 182 187 186; 173 181 179 178 180; 168 176 174 171 172; 162 164 167 166 165; 158 160 163 170 161; 152 169 159 157 153; 150 154 151 155 156; 142 145 146 144 147; 140 141 149 143 148; 131 136 138 134 139; 129 135 132 133 130; 125 128 137 127 126; 120 123 122 124 121; 108 115 113 119 118; 111 117 114 116 112; 103 109 107 105 106; 99 102 104 110 101; 88 96 93 98 100; 86 92 97 94 95; 82 85 84 90 91; 75 89 87 81 79; 72 78 83 80 77; 69 76 74 71 70; 65 73 67 68 66; 58 62 64 59 60; 51 63 61 55 57; 49 56 54 53 50; 42 44 52 48 46; 38 47 45 39 40; 33 37 34 41 43; 25 29 35 32 36; 24 28 30 31 27; 16 20 26 22 23; 14 21 17 15 19; 6 10 18 13 11; 8 12 9; 4 5 7
(Instance 292) 490 499 496 497 498; 491 494 493 495 492; 485 487 489 486 488; 479 480 484 481 483; 469 473 477 482 474; 465 470 476 468 478; 457 467 472 471 466; 459 464 463 475 462; 453 461 460 458 454; 442 455 456 451 452; 441 444 449 448 450; 439 443 446 447 445; 432 440 438 437 436; 426 431 434 430 429; 422 428 433 424 435; 407 416 425 420 427; 412 419 423 421 418; 410 411 415 417 414; 386 404 413 408 406; 400 409 405 403 402; 394 396 399 395 401; 391 398 397 393 392; 380 382 384 388 383; 376 381 389 390 385; 373 387 375 379 378; 370 374 371 372 377; 364 365 369 368 367; 358 359 366 360 363; 351 357 353 362 356; 345 352 354 361 355; 341 348 350 347 349; 339 342 346 344 343; 334 336 340 338 335; 322 333 337 332 331; 319 325 330 328 329; 314 320 327 323 326; 298 304 317 321 318; 301 316 324 313 312; 299 307 315 311 310; 296 308 306 302 309; 294 297 303 295 305; 287 289 292 293 291; 282 300 286 285 288; 275 290 283 281 278; 271 277 280 274 284; 255 273 279 276 269; 260 270 272 266 268; 259 265 264 267 263; 254 256 258 262 261; 250 253 252 251 257; 244 248 249 247 246; 238 243 240 242 245; 234 236 241 237 239; 228 233 232 231 235; 220 223 226 229 224; 215 227 219 230 221; 209 218 225 212 217; 202 213 216 211 222; 201 207 210 214 208; 198 205 203 206 200; 195 196 204 199 197; 190 192 194 193 191; 183 189 184 187 188; 176 180 186 181 182; 152 173 185 179 178; 165 170 168 175 172; 164 177 169 174 166; 160 163 171 162 167; 148 154 161 157 159; 144 158 151 156 155; 142 153 150 147 143; 140 145 141 149 146; 133 134 139 137 136; 125 132 135 138 126; 115 129 131 128 122; 117 121 127 130 124; 112 123 119 120 114; 108 118 113 110 116; 102 106 105 107 111; 97 103 109 98 101; 90 100 96 95 104; 87 94 92 99 89; 83 85 91 88 86; 67 82 80 81 79; 75 78 76 84 77; 70 71 73 74 93; 47 68 69 72 65; 59 60 64 66 63; 55 61 58 62 56; 48 57 51 53 50; 34 46 45 54 43; 39 41 49 44 40; 35 52 42 38 36; 28 32 37 33 30; 18 20 31 29 25; 14 27 26 24 19; 16 17 23 22 21; 3 12 10 11 6; 2 8 13 15 9; 0 4 7 1
(Instance 293) 
(Instance 294) 3 4 5 6 7; 0 1 2
(Instance 295) 494 496 498 497 499; 484 491 490 489 495; 471 487 492 486 482; 477 480 493 481 485; 466 479 476 483 468; 465 474 470 488 478; 457 475 458 460 473; 459 467 472 464 469; 442 456 461 463 453; 432 452 462 455 450; 441 451 454 444 449; 430 443 446 447 445; 404 437 438 440 429; 422 435 448 434 427; 423 431 433 439 426; 411 425 436 424 419; 412 418 417 421 428; 410 420 416 415 414; 401 413 409 406 408; 397 402 405 400 407; 389 398 399 394 403; 386 391 396 393 395; 383 388 392 387 390; 368 385 380 384 375; 363 370 382 379 376; 372 377 381 374 373; 365 371 378 369 366; 352 358 364 362 359; 347 360 361 355 357; 350 353 367 356 354; 338 346 345 351 341; 321 340 349 344 348; 335 339 343 336 342; 331 334 332 333 337; 319 325 329 324 330; 314 317 327 323 322; 311 320 328 326 316; 299 308 318 313 315; 302 309 310 312 305; 291 297 303 306 301; 290 294 300 307 298; 265 283 295 304 292; 279 296 285 287 286; 271 288 281 282 293; 275 280 277 276 284; 258 270 289 278 272; 263 266 274 268 269; 253 260 273 261 255; 254 262 267 264 256; 243 247 257 259 252; 234 240 246 244 242; 231 233 249 251 241; 227 237 238 248 239; 232 236 235 250 245; 214 226 222 230 229; 217 218 225 228 223; 202 209 219 213 221; 193 206 224 211 220; 201 212 207 216 210; 190 204 208 215 199; 195 200 205 203 198; 185 197 194 189 196; 175 191 184 181 192; 176 187 178 188 183; 174 179 182 180 186; 165 170 173 169 167; 158 168 177 171 172; 153 161 163 160 166; 155 164 162 159 156; 148 151 154 149 157; 143 150 152 144 147; 101 137 141 145 142; 131 139 138 140 134; 123 132 128 146 136; 126 129 130 133 127; 73 125 122 135 124; 111 121 119 120 114; 92 118 115 109 105; 65 110 117 113 116; 100 107 104 112 102; 82 94 106 108 99; 68 95 93 103 97; 79 89 91 98 96; 75 80 88 76 86; 69 84 90 83 85; 66 70 77 87 81; 39 72 74 78 59; 57 60 64 71 62; 45 67 61 63 56; 50 58 51 55 53; 12 40 49 43 38; 23 34 52 48 54; 30 41 47 42 46; 29 32 36 35 37; 10 28 33 44 19; 18 31 26 20 27; 16 17 25 24 21; 7 15 13 11 22; 0 8 14 9 6; 2 5 4
(Instance 296) 144 149 148 147 145; 137 146 140 142 141; 134 138 136 139 143; 129 132 131 135 133; 123 128 127 130 126; 117 120 124 122 121; 112 125 118 115 116; 106 114 110 111 113; 102 105 119 108 109; 95 98 107 103 104; 94 100 97 99 96; 83 91 92 93 89; 82 88 85 101 90; 69 84 86 87 81; 72 77 80 76 73; 65 74 78 75 79; 58 67 71 68 70; 55 64 66 60 63; 52 59 56 57 62; 49 54 61 53 51; 44 46 50 48 47; 36 39 43 42 41; 34 45 38 37 40; 29 33 32 30 35; 21 28 31 27 25; 15 20 23 22 18; 16 26 24 19 17; 8 13 12 11 14; 0 5 10; 2 9 7 6 4
(Instance 297) 40 274; 85 86 87 88 89; 35 271; 196 368; 30 268; 126 326; 10 11 12 13 14; 225 226 227 228 229; 115 116 117 118 119; 136 332; 140 141 142 143 144; 130 328; 165 349; 105 313; 132 330; 60 61 62 63 64; 50 51 52 53 54; 245 397; 200 201 202 203 204; 65 289; 207 375; 155 343; 81 299; 47 279; 235 236 237 238 239; 66 290; 135 331; 121 323; 205 373; 131 329; 100 101 102 103 104; 247 399; 16 260; 166 350; 195 367; 210 376; 170 352; 75 295; 97 309; 76 296; 17 261; 67 291; 125 325; 96 308; 137 333; 5 6 7 8 9; 70 71 72 73 74; 37 273; 151 341; 146 338; 55 56 57 58 59; 21 263; 211 377; 25 26 27 28 29; 41 275; 0 250; 197 369; 181 359; 161 347; 36 272; 31 269; 246 398; 90 304; 160 346; 185 186 187 188 189; 46 278; 120 322; 175 176 177 178 179; 230 388; 171 353; 127 327; 212 378; 206 374; 241 395; 106 314; 95 307; 22 264; 150 340; 152 342; 172 354; 147 339; 190 191 192 193 194; 92 306; 82 300; 167 351; 45 277; 215 216 217 218 219; 122 324; 80 298; 180 358; 111 317; 110 316; 182 360; 77 297; 145 337; 242 396; 157 345; 240 394; 162 348; 107 315; 20 262; 2 252; 231 389; 1 251; 112 318; 42 276; 156 344; 232 390; 91 305; 220 382; 15 259; 32 270; 222 384; 221 383
(Instance 298) 495 499 498 497 496; 490 494 493 492 491; 485 489 488 487 486; 480 484 483 482 481; 475 479 478 477 476; 470 474 473 472 471; 465 469 468 467 466; 460 464 463 462 461; 455 459 458 457 456; 450 454 453 452 451; 445 449 448 447 446; 440 444 443 442 441; 435 439 438 437 436; 430 434 433 432 431; 425 429 428 427 426; 420 424 423 422 421; 415 419 418 417 416; 410 414 413 412 411; 405 409 408 407 406; 400 404 403 402 401; 395 399 398 397 396; 390 394 393 392 391; 385 389 388 387 386; 380 384 383 382 381; 375 379 378 377 376; 370 374 373 372 371; 365 369 368 367 366; 360 364 363 362 361; 355 359 358 357 356; 350 354 353 352 351; 345 349 348 347 346; 340 344 343 342 341; 335 339 338 337 336; 330 334 333 332 331; 325 329 328 327 326; 320 324 323 322 321; 315 319 318 317 316; 310 314 313 312 311; 305 309 308 307 306; 300 304 303 302 301; 295 299 298 297 296; 290 294 293 292 291; 285 289 288 287 286; 280 284 283 282 281; 275 279 278 277 276; 270 274 273 272 271; 265 269 268 267 266; 260 264 263 262 261; 255 259 258 257 256; 250 254 253 252 251; 245 249 248 247 246; 239 244 243 242 241; 235 240 238 237 236; 230 234 233 232 231; 225 229 228 227 226; 220 224 223 222 221; 215 219 218 217 216; 210 214 213 212 211; 205 209 208 207 206; 200 204 203 202 201; 195 199 198 197 196; 190 194 193 192 191; 185 189 188 187 186; 180 184 183 182 181; 175 179 178 177 176; 170 174 173 172 171; 165 169 168 167 166; 160 164 163 162 161; 155 159 158 157 156; 150 154 153 152 151; 145 149 148 147 146; 140 144 143 142 141; 135 139 138 137 136; 130 134 133 132 131; 125 129 128 127 126; 120 124 123 122 121; 115 119 118 117 116; 110 114 113 112 111; 105 109 108 107 106; 100 104 103 102 101; 95 99 98 97 96; 90 94 93 92 91; 85 89 88 87 86; 79 84 83 82 81; 75 80 78 77 76; 70 74 73 72 71; 65 69 68 67 66; 60 64 63 62 61; 55 59 58 57 56; 50 54 53 52 51; 45 49 48 47 46; 40 44 43 42 41; 35 39 38 37 36; 30 34 33 32 31; 25 29 28 27 26; 20 24 23 22 21; 15 19 18 17 16; 10 14 13 12 11; 5 9 8 7 6; 1 4 3 2
(Instance 299) 485 492 499 490 498; 479 496 497 487 495; 478 480 488 494 491; 462 481 489 483 484; 459 482 493 477 486; 469 474 473 476 475; 455 467 470 471 464; 441 457 466 472 461; 451 453 460 458 463; 444 450 454 468 452; 412 445 443 447 446; 428 440 456 465 448; 429 435 449 438 442; 407 436 423 439 437; 421 433 434 432 430; 419 425 431 426 422; 406 418 416 424 420; 403 410 427 415 414; 401 411 413 417 405; 378 404 402 408 398; 381 396 394 409 392; 373 397 399 386 390; 332 393 400 388 389; 356 375 382 395 391; 371 385 384 377 387; 354 364 380 372 383; 359 368 379 367 366; 360 370 374 376 369; 349 358 357 362 365; 340 344 353 355 350; 343 352 348 363 361; 325 346 335 345 347; 323 330 341 339 342; 319 337 331 338 329; 311 334 333 351 316; 321 326 328 327 336; 313 317 318 320 322; 303 314 309 324 310; 299 312 306 315 305; 280 304 302 308 307; 279 300 298 301 292; 278 293 296 297 295; 282 291 294 290 287; 268 285 289 286 283; 264 277 274 281 288; 272 284 273 275 276; 242 263 262 267 269; 260 261 270 271 265; 244 259 258 266 256; 241 250 243 257 251; 231 255 248 253 254; 218 239 247 249 252; 227 246 234 232 245; 224 238 235 233 236; 222 223 237 240 226; 212 230 220 228 225; 201 215 221 207 217; 195 209 213 219 216; 197 208 229 214 211; 189 190 210 206 205; 176 203 188 198 204; 187 199 194 202 200; 179 191 196 180 193; 172 192 186 185 184; 163 171 182 181 174; 166 183 178 175 169; 164 173 177 168 167; 151 160 162 159 156; 154 161 165 155 157; 134 153 149 170 158; 143 145 148 150 146; 129 144 140 152 147; 107 133 141 139 142; 114 131 137 135 138; 124 130 132 127 136; 116 125 128 126 119; 109 115 111 121 123; 110 112 120 122 118; 88 100 117 113 108; 96 104 98 99 106; 86 103 102 95 105; 79 101 97 93 92; 80 94 85 89 81; 77 83 90 87 91; 70 82 75 78 84; 63 74 72 73 76; 61 68 67 71 65; 48 53 55 64 60; 49 59 66 62 57; 43 56 69 58 54; 40 46 51 52 42; 38 47 45 44 41; 28 37 35 39 36; 23 32 30 33 31; 16 22 29 26 50; 10 17 34 25 27; 9 12 21 20 14; 8 24 13 11 19; 0 5 6 15 4; 2 3 7
(Instance 300) 15 19 18 17 16; 10 14 13 12 11; 5 9 8 7 6; 1 4 3 2
