[405, 47, 388]
[24, 427, 223]
[428, 33, 88, 482]
[318, 97, 120, 191]
[387, 286, 333]
[340, 41, 300, 67, 44]
[449, 152, 322, 407, 203]
[258, 210, 55, 182]
[49, 481, 128, 98]
[273, 303, 107, 16]
[6, 110, 74, 316, 186]
[241, 377, 102]
[123, 360, 429]
[343, 127, 319, 212, 262]
[10, 240, 492, 117, 135]
[12, 72, 372, 470, 414]
[178, 21, 450, 219]
[495, 263, 325, 179, 270]
[327, 108, 1, 431, 163]
[311, 253, 448]
[92, 221, 326, 297, 391]
[261, 216, 475, 323, 402]
[54, 136, 138, 483]
[243, 137, 105, 403, 464]
[157, 472, 484]
[38, 268, 443]
[398, 375, 190, 124]
[168, 306, 195, 145, 339]
[56, 440, 368, 111, 423]
[494, 331, 287, 412, 125]
[355, 409, 497, 283, 2]
[444, 321, 154]
[8, 164, 132, 3]
[498, 36, 84, 48, 404]
[390, 266, 382]
[62, 384, 277]
[239, 175, 457, 451]
[374, 199, 109]
[381, 439, 45]
[224, 359, 155, 209]
[35, 134, 296]
[453, 34, 307, 214]
[89, 420, 133, 250]
[425, 341, 367, 350]
[53, 348, 171, 460]
[491, 437, 13, 371, 247]
[153, 76, 353]
[148, 401, 259, 313, 480]
[22, 230, 146]
[226, 63, 200, 149, 397]
[37, 82, 410, 177, 337]
[58, 217, 7, 116, 254]
[345, 236, 269]
[126, 441, 162, 144, 40]
[389, 106, 193]
[90, 227, 165, 75, 61]
[459, 279, 486]
[332, 192, 5]
[142, 208, 411]
[408, 272, 234, 419]
[245, 50, 276, 309]
[233, 187, 467, 499, 320]
[421, 395, 466, 317]
[65, 83, 361, 471]
[71, 96, 354, 52, 422]
[176, 344, 392, 139, 32]
[237, 169, 59]
[184, 151, 46, 257, 189]
[205, 445, 370]
[330, 94, 435, 79]
[249, 474, 215, 469, 39]
[328, 11, 103, 115]
[69, 213, 264]
[242, 417, 101, 9]
[378, 267, 244, 70]
[366, 351, 426, 119, 172]
[369, 285, 278, 17]
[14, 0, 438]
[113, 473, 424]
[468, 235, 161, 207]
[301, 77, 197, 293, 365]
[271, 64, 314, 342]
[362, 204, 485]
[334, 399, 143]
[160, 68, 158]
[413, 416, 302, 394, 202]
[430, 140, 180, 42, 238]
[329, 18, 256]
[456, 229, 114, 99]
[373, 93, 434]
[104, 30, 281]
[292, 386, 252, 304, 356]
[87, 29, 66]
[477, 174, 487]
[312, 198, 185]
[141, 488, 463]
[298, 129, 310, 363]
[442, 196, 265, 43, 156]
[447, 490, 290, 15, 496]
[288, 454, 383]
[173, 218, 81]
[479, 194, 170]
[289, 23, 57, 4, 385]
[284, 211, 159, 31, 122]
[436, 357, 336, 352, 130]
[446, 231, 347]
[380, 73, 393, 346, 305]
[206, 274, 86]
[20, 364, 315]
[121, 400, 295, 78, 248]
[150, 478, 282, 167]
[85, 91, 349, 299, 166]
[112, 183, 220, 458, 461]
[60, 147, 462, 406]
[493, 225, 188, 379, 95]
[291, 294, 246]
[228, 433, 376, 324]
[308, 251, 489]
[432, 222, 19, 28]
[131, 27, 280, 181]
[418, 25, 338, 118, 100]
[455, 476, 396]
[415, 80, 51, 255, 335]
[201, 452, 465, 232, 260]
[358, 275, 26]
