[202, 252, 485]
[277, 442, 301]
[381, 390, 367, 487]
[230, 302, 127, 182]
[393, 211, 76]
[103, 215, 320, 473, 220]
[322, 142, 411, 32, 435]
[199, 486, 250, 437]
[349, 402, 189, 61]
[242, 311, 197, 340]
[386, 3, 453, 198, 118]
[456, 474, 478]
[201, 484, 66]
[44, 373, 468, 55, 136]
[483, 122, 120, 134, 140]
[370, 72, 412, 255, 152]
[4, 9, 151, 139]
[335, 241, 209, 383, 391]
[346, 354, 229, 462, 249]
[288, 270, 185]
[494, 238, 405, 306, 235]
[57, 360, 476, 160, 273]
[0, 53, 186, 175]
[400, 156, 128, 228, 111]
[436, 47, 237]
[172, 221, 143]
[79, 193, 337, 350]
[11, 429, 167, 330, 46]
[297, 334, 157, 339, 441]
[108, 90, 455, 16, 45]
[232, 210, 282, 191, 258]
[365, 379, 481]
[309, 22, 300, 239]
[264, 62, 43, 324, 69]
[333, 240, 116]
[438, 214, 18]
[319, 401, 403, 163]
[56, 23, 271]
[363, 82, 176]
[464, 188, 364, 492]
[75, 65, 117]
[27, 459, 372, 274]
[495, 30, 424, 312]
[466, 37, 181, 115]
[110, 265, 318, 388]
[113, 433, 85, 382, 328]
[97, 91, 49]
[482, 427, 171, 150, 279]
[332, 357, 395]
[168, 261, 407, 89, 472]
[227, 452, 280, 428, 406]
[206, 392, 361, 251, 493]
[87, 155, 496]
[338, 479, 107, 223, 489]
[93, 284, 52]
[353, 417, 212, 416, 498]
[443, 290, 78]
[124, 275, 414]
[243, 8, 449]
[15, 244, 123, 423]
[419, 305, 345, 410]
[153, 125, 83, 219, 326]
[71, 68, 147, 444]
[467, 195, 26, 310]
[293, 88, 376, 294, 121]
[84, 233, 10, 7, 119]
[39, 260, 158]
[298, 109, 263, 35, 29]
[200, 327, 257]
[213, 99, 20, 141]
[173, 358, 447, 100, 12]
[308, 387, 161, 408]
[471, 430, 159]
[352, 74, 491, 425]
[463, 129, 24, 36]
[385, 48, 105, 25, 477]
[253, 266, 409, 445]
[177, 149, 325]
[207, 1, 278]
[17, 101, 138, 217]
[341, 286, 488, 203, 368]
[331, 397, 164, 426]
[283, 289, 179]
[231, 180, 394]
[40, 148, 21]
[359, 67, 259, 499, 304]
[469, 342, 303, 422, 343]
[73, 434, 457]
[98, 146, 371, 133]
[224, 216, 145]
[389, 344, 267]
[13, 446, 432, 190, 418]
[130, 77, 95]
[285, 19, 313]
[451, 59, 450]
[114, 404, 31]
[194, 70, 398, 415]
[94, 41, 144, 378, 287]
[362, 315, 38, 28, 460]
[281, 137, 5]
[439, 63, 225]
[6, 64, 254]
[162, 396, 132, 169, 50]
[461, 178, 170, 174, 102]
[208, 421, 104, 269, 187]
[454, 248, 196]
[380, 317, 448, 348, 92]
[272, 431, 399]
[295, 51, 321]
[192, 268, 329, 34, 204]
[497, 377, 42, 236]
[355, 374, 276, 60, 205]
[351, 135, 490, 475, 375]
[336, 2, 347, 314]
[316, 246, 131, 420, 33]
[80, 126, 14]
[356, 106, 112, 184]
[465, 81, 296]
[234, 96, 183, 58]
[384, 222, 247, 369]
[262, 299, 165, 323, 291]
[413, 54, 154]
[218, 458, 307, 292, 440]
[470, 366, 245, 226, 166]
[86, 480, 256]
