[122, 325, 106]
[199, 214, 375]
[337, 394, 34, 441]
[127, 490, 190, 330]
[149, 79, 211]
[327, 20, 266, 381, 103]
[81, 263, 326, 447, 178]
[183, 318, 378, 119]
[482, 366, 471, 439]
[64, 107, 347, 19]
[18, 191, 257, 94, 172]
[25, 392, 163]
[312, 436, 246]
[280, 281, 142, 353, 437]
[140, 131, 51, 95, 29]
[104, 161, 424, 40, 234]
[457, 1, 27, 55]
[238, 217, 125, 151, 403]
[485, 407, 208, 298, 401]
[9, 21, 70]
[342, 497, 271, 236, 451]
[58, 444, 278, 384, 179]
[479, 344, 47, 96]
[442, 390, 434, 420, 411]
[273, 255, 446]
[8, 373, 383]
[415, 389, 335, 175]
[130, 313, 362, 413, 69]
[193, 153, 283, 78, 310]
[44, 359, 204, 67, 343]
[235, 460, 251, 164, 250]
[440, 429, 189]
[480, 138, 167, 304]
[60, 435, 52, 48, 240]
[39, 493, 322]
[152, 226, 339]
[363, 65, 118, 80]
[426, 421, 431]
[227, 495, 225]
[115, 346, 305, 452]
[154, 187, 174]
[450, 345, 496, 4]
[494, 50, 393, 185]
[294, 101, 123, 209]
[206, 422, 309, 176]
[76, 197, 228, 269, 168]
[59, 272, 87]
[484, 276, 332, 348, 306]
[397, 331, 279]
[282, 137, 474, 307, 143]
[85, 158, 237, 483, 355]
[489, 297, 41, 201, 293]
[314, 377, 2]
[427, 170, 15, 28, 233]
[207, 388, 200]
[409, 455, 341, 61, 243]
[134, 449, 253]
[114, 99, 210]
[308, 93, 295]
[417, 324, 406, 91]
[249, 464, 162, 357]
[90, 57, 256, 448, 242]
[284, 300, 77, 453]
[53, 262, 186, 432]
[274, 184, 404, 171, 470]
[247, 108, 461, 302, 488]
[84, 173, 416]
[473, 499, 475, 222, 405]
[169, 229, 12]
[196, 10, 456, 396]
[261, 467, 372, 275, 241]
[230, 11, 216, 386]
[231, 128, 254]
[260, 43, 466, 113]
[215, 315, 360, 133]
[121, 459, 319, 126, 288]
[408, 463, 120, 410]
[232, 492, 83]
[265, 361, 147]
[7, 290, 202, 425]
[472, 54, 0, 270, 144]
[72, 117, 369, 218]
[181, 30, 376]
[400, 486, 370]
[291, 110, 498]
[391, 402, 487, 213, 22]
[32, 139, 382, 165, 443]
[438, 177, 414]
[258, 23, 350, 317]
[358, 102, 311]
[395, 112, 340]
[476, 469, 399, 66, 74]
[45, 239, 334]
[367, 387, 132]
[5, 398, 468]
[116, 160, 166]
[148, 129, 338, 157]
[42, 221, 385, 35, 296]
[17, 412, 203, 109, 430]
[259, 82, 465]
[462, 445, 124]
[33, 31, 180]
[86, 286, 62, 100, 352]
[491, 38, 3, 354, 6]
[267, 245, 277, 248, 205]
[321, 182, 111]
[289, 220, 433, 98, 418]
[56, 212, 36]
[299, 303, 292]
[329, 481, 428, 356, 75]
[105, 423, 368, 323]
[264, 301, 14, 320, 49]
[159, 135, 477, 351, 156]
[333, 224, 458, 146]
[26, 364, 223, 92, 141]
[287, 328, 155]
[252, 285, 13, 268]
[365, 380, 478]
[97, 63, 198, 46]
[244, 219, 68, 24]
[192, 316, 136, 73, 145]
[150, 16, 371]
[419, 349, 71, 88, 379]
[454, 374, 336, 37, 195]
[188, 194, 89]
