21 190 27; 160 173 182 189; 77 181 108
446 447 448 449 450; 436 437 438 439 440; 83 84 85 86 87; 386 460 459 392; 349 350 351 352 353; 495 496 497 498 499; 467 468 469 470 471; 320 321 322 323 324; 486 487 488 489 490; 454 455 456 457 458; 356 357 358 359 360; 261 262 263 264 265; 314 315 316 317 318; 307 308 309 310 311; 325 326 327 328 329; 462 463 464 465 466; 395 396 397 398 399; 254 255 256 257 258; 300 301 302 303 304; 477 478 479 480 481; 136 342 137; 419 420 421 422 423; 474 475; 228 229 230 231 232; 366 367 368 369 370; 244 245 246 247 248; 18 19 20 21 22; 112 332 272 287 288; 238 239 240 241 242; 393 394; 133 139 289 134; 16 17; 281 282 283 284 285; 183 184 185 186 187; 107 108 109 110 111; 128 129 130 131 132; 295 296 297 298 299; 428 429 430 431 432; 38 39 274 434 435; 78 146 145 484; 408 409 410 411 412; 29 30 31 32 33; 40 41 42 43 44; 373 374 375 376 377; 202 203 204 205 206; 50 51 52 53 54; 403 404 405 406 407; 378 379 380 381 382; 191 192 193 194 195; 91 92 93 94 95; 492 493; 60 124 61; 156 157 158 159 160; 161 162 163 164 165; 173 174 175 176 177; 414 415 416 417 418; 217 218 219 220 221; 292 293; 35 36; 210 211 212 213 214; 148 364 363; 47 181 180; 118 119 120 121 122; 5 279 278; 222 223 224 225 226; 151 152 153 154 155; 189 190; 115 389 388 345; 73 74 75 76 77; 98 99 100 101 102; 337 338 339 340 341; 168 169 170 171 172; 275 276; 7 8 9 10 11; 441 442 443 444 445; 58 59; 24 25 26 27 426; 197 198 199 200 201; 126 127; 81 82; 14 15; 48 49; 143 144; 259 260; 68 69 70 71 72; 166 167; 333 334; 63 64 65 66 67; 347 348; 268 269; 207 208; 96 147 97; 249 250 251 252 253; 103 104; 235 236; 482 483; 12 13; 79 80; 140 141; 451 452
88 98 96 99 94; 79 89 93 91 80; 76 97 84 95 92; 69 90 87 81 83; 73 78 77 86 85; 59 72 75 74 70; 58 65 82 67 71; 50 56 64 66 61; 55 63 60 68 62; 40 42 57 46 49; 39 54 45 47 44; 23 36 48 35 53; 33 41 43 38 51; 29 30 52 32 31; 15 24 26 37 34; 7 27 21 20 14; 11 18 13 28 25; 9 16 12 17 22; 3 19 8 4 10; 1 5 6
284 285 286; 303 304 305; 18 19 20; 62 63 64; 43 44 45; 39 40 41; 114 115 116; 49 50 51; 5 6 7; 144 145 146; 139 140 141; 265 266 267; 382 383 384; 202 203 204; 351 352 353; 153 154 155; 199 200 201; 336 337 338; 236 237 238; 296 297 298; 104 105 106; 229 230 231; 389 390 391; 82 83 84; 185 186 187; 159 160 161; 253 254 255; 431 432 433; 182 183 184; 212 213 214; 171 172 173; 455 456 457; 208 209 210; 25 26 27; 446 447 448; 196 197 198; 313 314 315; 425 426 427; 359 360 361; 406 407 408; 440 441 442; 136 137 138; 87 88 89; 258 259 260; 79 80 81; 379 380 381; 428 429 430; 415 416 417; 345 346 347; 435 436 437; 300 301 302; 101 102 103; 318 319 320; 397 398 399; 279 280 281; 473 474 475; 73 74 75; 443 444 445; 329 330 331; 11 12 13; 402 403 404; 22 23 24; 96 97 98; 422 423 424; 190 191 192; 393 394 395; 484 485 486; 205 206 207; 490 491 492; 219 220 221; 233 234 235; 309 310 311; 356 357 358; 322 323 324; 127 128 129; 150 151 152; 333 334 335; 8 9 10; 59 60 61; 412 413 414; 2 3 4; 178 179 180; 273 274 275; 262 263 264; 452 453 454; 111 112 113; 124 125 126; 108 109 110; 270 271 272; 386 387 388; 70 71 72; 497 498 499; 348 349 350; 409 410 411; 93 94 95; 67 68 69; 480 481 482; 167 168 169; 90 91 92; 15 16 17; 306 307 308; 76 77 78; 464 465 466; 292 293 294; 36 37 38; 477 478 479; 276 277 278; 156 157 158; 164 165 166; 147 148 149; 32 33 34; 248 249 250; 487 488 489; 289 290 291; 376 377 378; 133 134 135; 245 246 247; 130 131 132; 470 471 472; 340 341 342; 326 327 328; 240 241 242; 46 47 48; 29 30 31; 120 121 122; 467 468 469; 117 118 119; 461 462 463; 226 227 228; 368 369 370; 419 420 421; 223 224 225; 365 366 367; 362 363 364; 193 194 195; 56 57 58; 494 495 496; 216 217 218; 449 450 451; 175 176 177; 53 54 55; 373 374 375; 458 459 460
5 11 7 9 8; 0 10 4 2 1

5 11 7 9 8; 0 10 4 3 6
109 443 488 490 473; 132 425 470 463 248; 214 474 498 451 433; 208 455 439 445 476; 356 471 376 497 479; 179 475 483 492 450; 63 435 489 457 442; 262 480 484 373 495; 325 372 478 499 481; 304 449 365 493 341; 105 485 461 409 321; 367 487 462 446 428; 102 374 385 456 268; 264 486 459 424 472; 247 405 453 460 411; 277 434 465 417 444; 38 441 380 346 447; 188 438 386 464 382; 29 494 364 418 184; 212 427 349 413 420; 56 431 437 430 419; 46 421 392 452 371; 177 468 496 400 261; 144 454 410 338 399; 7 395 333 313 345; 211 389 288 482 440; 297 378 426 308 360; 311 415 331 423 406; 86 125 361 379 414; 35 466 408 381 422; 87 404 467 401 229; 18 316 458 412 377; 210 339 383 363 477; 310 491 353 312 348; 302 357 448 352 368; 171 432 322 354 375; 138 344 190 336 266; 44 153 334 393 391; 129 436 323 403 317; 274 330 387 362 342; 47 350 295 469 296; 164 355 301 306 332; 60 398 258 303 309; 68 244 390 340 294; 101 267 402 276 384; 72 319 271 396 133; 128 299 259 314 416; 154 235 358 199 254; 126 286 397 326 292; 76 238 347 429 226; 166 216 242 335 182; 28 366 369 225 260; 111 224 232 240 205; 146 272 265 394 195; 19 227 337 315 269; 55 253 255 279 243; 193 237 233 320 318; 45 230 209 305 124; 203 285 328 251 327; 16 168 213 24 71; 116 263 359 250 145; 207 220 407 245 252; 100 215 283 178 180; 51 137 158 115 256; 90 293 236 130 388; 27 239 282 351 103; 113 196 249 307 161; 43 275 222 281 48; 41 289 187 189 217; 40 42 370 157 218; 25 112 183 170 175; 99 329 200 201 343; 117 231 185 290 202; 82 300 173 108 151; 123 280 273 204; 92 287 191 140 197; 9 67 223 85 107; 5 70 49 162; 2 156 89 206 78; 13 148 169 122 324; 11 83 159 270 241; 3 127 33 31 59; 15 172 228 149 88; 34 75 119 143; 114 221; 21 81 36 298; 37 141 165 98; 17 174 74; 23 95 192 257; 8 94 155 77; 52 150 104
0 1 2; 3 5 4; 9 11 10; 12 14 13; 6 8 7
0 2 3
11 13 12; 5 8 7; 0 1 2
204 224 234 214; 242 262 272 252; 283 303 313 293; 284 304 314 294; 161 181 191 171; 202 222 232 212; 164 184 194 174; 165 185 195 175; 122 142 152 132; 126 127 128 129 130; 43 63 73 53; 166 167 168 169 170; 201 221 231 211; 6 7 8 9 10; 44 64 74 54; 83 103 113 93; 82 102 112 92; 281 301 311 291; 121 141 151 131; 285 305 315 295; 246 247 248 249 250; 162 182 192 172; 46 47 48 49 50; 84 104 114 94; 244 264 274 254; 205 225 235 215; 42 62 72 52; 243 263 273 253; 4 24 34 14; 86 87 88 89 90; 241 261 271 251; 41 61 71 51; 245 265 275 255; 124 144 154 134; 282 302 312 292; 85 105 115 95; 1 21 31 11; 3 23 33 13; 163 183 193 173; 206 207 208 209 210; 2 22 32 12; 123 143 153 133; 203 223 233 213; 5 25 35 15; 125 145 155 135; 286 287 288 289 290; 45 65 75 55; 81 101 111 91
